0.000000
0.006283
0.012566
0.018848
0.025130
0.031411
0.037690
0.043968
0.050244
0.056518
0.062790
0.069060
0.075326
0.081590
0.087851
0.094108
0.100361
0.106611
0.112856
0.119097
0.125333
0.131564
0.137790
0.144010
0.150225
0.156434
0.162636
0.168833
0.175022
0.181205
0.187380
0.193548
0.199709
0.205862
0.212006
0.218142
0.224270
0.230388
0.236498
0.242598
0.248689
0.254769
0.260840
0.266901
0.272951
0.278990
0.285018
0.291035
0.297040
0.303034
0.309015
0.314985
0.320942
0.326886
0.332818
0.338736
0.344641
0.350532
0.356410
0.362273
0.368123
0.373957
0.379777
0.385582
0.391372
0.397146
0.402904
0.408647
0.414373
0.420084
0.425777
0.431454
0.437113
0.442756
0.448381
0.453988
0.459577
0.465149
0.470701
0.476236
0.481751
0.487248
0.492725
0.498182
0.503621
0.509039
0.514437
0.519815
0.525172
0.530508
0.535824
0.541118
0.546391
0.551643
0.556873
0.562080
0.567266
0.572429
0.577570
0.582687
0.587782
0.592854
0.597902
0.602926
0.607927
0.612904
0.617856
0.622785
0.627688
0.632567
0.637421
0.642249
0.647053
0.651830
0.656582
0.661308
0.666008
0.670682
0.675329
0.679950
0.684544
0.689110
0.693650
0.698162
0.702646
0.707103
0.711532
0.715933
0.720305
0.724649
0.728965
0.733252
0.737509
0.741738
0.745937
0.750107
0.754247
0.758358
0.762439
0.766489
0.770509
0.774499
0.778458
0.782387
0.786284
0.790151
0.793986
0.797790
0.801563
0.805304
0.809013
0.812690
0.816335
0.819948
0.823528
0.827076
0.830592
0.834074
0.837524
0.840940
0.844324
0.847673
0.850990
0.854273
0.857522
0.860738
0.863919
0.867066
0.870179
0.873258
0.876302
0.879312
0.882287
0.885227
0.888132
0.891002
0.893837
0.896636
0.899401
0.902129
0.904822
0.907480
0.910101
0.912687
0.915236
0.917750
0.920227
0.922668
0.925072
0.927440
0.929772
0.932066
0.934324
0.936545
0.938729
0.940876
0.942986
0.945058
0.947093
0.949091
0.951052
0.952974
0.954860
0.956707
0.958517
0.960289
0.962023
0.963719
0.965377
0.966996
0.968578
0.970122
0.971627
0.973093
0.974522
0.975912
0.977263
0.978576
0.979850
0.981085
0.982282
0.983440
0.984559
0.985639
0.986681
0.987683
0.988647
0.989571
0.990456
0.991302
0.992110
0.992877
0.993606
0.994296
0.994946
0.995557
0.996128
0.996661
0.997154
0.997607
0.998022
0.998396
0.998732
0.999028
0.999284
0.999501
0.999679
0.999817
0.999916
0.999975
0.999995
0.999975
0.999916
0.999817
0.999679
0.999501
0.999284
0.999028
0.998732
0.998396
0.998022
0.997607
0.997154
0.996661
0.996128
0.995557
0.994946
0.994296
0.993606
0.992877
0.992110
0.991302
0.990456
0.989571
0.988647
0.987683
0.986681
0.985639
0.984559
0.983440
0.982282
0.981085
0.979850
0.978576
0.977263
0.975912
0.974522
0.973093
0.971627
0.970122
0.968578
0.966996
0.965377
0.963719
0.962023
0.960289
0.958517
0.956707
0.954860
0.952974
0.951052
0.949091
0.947093
0.945058
0.942986
0.940876
0.938729
0.936545
0.934324
0.932066
0.929772
0.927440
0.925072
0.922668
0.920227
0.917750
0.915236
0.912687
0.910101
0.907480
0.904822
0.902129
0.899401
0.896636
0.893837
0.891002
0.888132
0.885227
0.882287
0.879312
0.876302
0.873258
0.870179
0.867066
0.863919
0.860738
0.857522
0.854273
0.850990
0.847673
0.844324
0.840940
0.837524
0.834074
0.830592
0.827076
0.823528
0.819948
0.816335
0.812690
0.809013
0.805304
0.801563
0.797790
0.793986
0.790151
0.786284
0.782387
0.778458
0.774499
0.770509
0.766489
0.762439
0.758358
0.754247
0.750107
0.745937
0.741738
0.737509
0.733252
0.728965
0.724649
0.720305
0.715933
0.711532
0.707103
0.702646
0.698162
0.693650
0.689110
0.684544
0.679950
0.675329
0.670682
0.666008
0.661308
0.656582
0.651830
0.647053
0.642249
0.637421
0.632567
0.627688
0.622785
0.617856
0.612904
0.607927
0.602926
0.597902
0.592854
0.587782
0.582687
0.577570
0.572429
0.567266
0.562080
0.556873
0.551643
0.546391
0.541118
0.535824
0.530508
0.525172
0.519815
0.514437
0.509039
0.503621
0.498182
0.492725
0.487248
0.481751
0.476236
0.470701
0.465149
0.459577
0.453988
0.448381
0.442756
0.437113
0.431454
0.425777
0.420084
0.414373
0.408647
0.402904
0.397146
0.391372
0.385582
0.379777
0.373957
0.368123
0.362273
0.356410
0.350532
0.344641
0.338736
0.332818
0.326886
0.320942
0.314985
0.309015
0.303034
0.297040
0.291035
0.285018
0.278990
0.272951
0.266901
0.260840
0.254769
0.248689
0.242598
0.236498
0.230388
0.224270
0.218142
0.212006
0.205862
0.199709
0.193548
0.187380
0.181205
0.175022
0.168833
0.162636
0.156434
0.150225
0.144010
0.137790
0.131564
0.125333
0.119097
0.112856
0.106611
0.100361
0.094108
0.087851
0.081590
0.075326
0.069060
0.062790
0.056518
0.050244
0.043968
0.037690
0.031411
0.025130
0.018848
0.012566
0.006283
0.000000
-0.006283
-0.012566
-0.018848
-0.025130
-0.031411
-0.037690
-0.043968
-0.050244
-0.056518
-0.062790
-0.069060
-0.075326
-0.081590
-0.087851
-0.094108
-0.100361
-0.106611
-0.112856
-0.119097
-0.125333
-0.131564
-0.137790
-0.144010
-0.150225
-0.156434
-0.162636
-0.168833
-0.175022
-0.181205
-0.187380
-0.193548
-0.199709
-0.205862
-0.212006
-0.218142
-0.224270
-0.230388
-0.236498
-0.242598
-0.248689
-0.254769
-0.260840
-0.266901
-0.272951
-0.278990
-0.285018
-0.291035
-0.297040
-0.303034
-0.309015
-0.314985
-0.320942
-0.326886
-0.332818
-0.338736
-0.344641
-0.350532
-0.356410
-0.362273
-0.368123
-0.373957
-0.379777
-0.385582
-0.391372
-0.397146
-0.402904
-0.408647
-0.414373
-0.420084
-0.425777
-0.431454
-0.437113
-0.442756
-0.448381
-0.453988
-0.459577
-0.465149
-0.470701
-0.476236
-0.481751
-0.487248
-0.492725
-0.498182
-0.503621
-0.509039
-0.514437
-0.519815
-0.525172
-0.530508
-0.535824
-0.541118
-0.546391
-0.551643
-0.556873
-0.562080
-0.567266
-0.572429
-0.577570
-0.582687
-0.587782
-0.592854
-0.597902
-0.602926
-0.607927
-0.612904
-0.617856
-0.622785
-0.627688
-0.632567
-0.637421
-0.642249
-0.647053
-0.651830
-0.656582
-0.661308
-0.666008
-0.670682
-0.675329
-0.679950
-0.684544
-0.689110
-0.693650
-0.698162
-0.702646
-0.707103
-0.711532
-0.715933
-0.720305
-0.724649
-0.728965
-0.733252
-0.737509
-0.741738
-0.745937
-0.750107
-0.754247
-0.758358
-0.762439
-0.766489
-0.770509
-0.774499
-0.778458
-0.782387
-0.786284
-0.790151
-0.793986
-0.797790
-0.801563
-0.805304
-0.809013
-0.812690
-0.816335
-0.819948
-0.823528
-0.827076
-0.830592
-0.834074
-0.837524
-0.840940
-0.844324
-0.847673
-0.850990
-0.854273
-0.857522
-0.860738
-0.863919
-0.867066
-0.870179
-0.873258
-0.876302
-0.879312
-0.882287
-0.885227
-0.888132
-0.891002
-0.893837
-0.896636
-0.899401
-0.902129
-0.904822
-0.907480
-0.910101
-0.912687
-0.915236
-0.917750
-0.920227
-0.922668
-0.925072
-0.927440
-0.929772
-0.932066
-0.934324
-0.936545
-0.938729
-0.940876
-0.942986
-0.945058
-0.947093
-0.949091
-0.951052
-0.952974
-0.954860
-0.956707
-0.958517
-0.960289
-0.962023
-0.963719
-0.965377
-0.966996
-0.968578
-0.970122
-0.971627
-0.973093
-0.974522
-0.975912
-0.977263
-0.978576
-0.979850
-0.981085
-0.982282
-0.983440
-0.984559
-0.985639
-0.986681
-0.987683
-0.988647
-0.989571
-0.990456
-0.991302
-0.992110
-0.992877
-0.993606
-0.994296
-0.994946
-0.995557
-0.996128
-0.996661
-0.997154
-0.997607
-0.998022
-0.998396
-0.998732
-0.999028
-0.999284
-0.999501
-0.999679
-0.999817
-0.999916
-0.999975
-0.999995
-0.999975
-0.999916
-0.999817
-0.999679
-0.999501
-0.999284
-0.999028
-0.998732
-0.998396
-0.998022
-0.997607
-0.997154
-0.996661
-0.996128
-0.995557
-0.994946
-0.994296
-0.993606
-0.992877
-0.992110
-0.991302
-0.990456
-0.989571
-0.988647
-0.987683
-0.986681
-0.985639
-0.984559
-0.983440
-0.982282
-0.981085
-0.979850
-0.978576
-0.977263
-0.975912
-0.974522
-0.973093
-0.971627
-0.970122
-0.968578
-0.966996
-0.965377
-0.963719
-0.962023
-0.960289
-0.958517
-0.956707
-0.954860
-0.952974
-0.951052
-0.949091
-0.947093
-0.945058
-0.942986
-0.940876
-0.938729
-0.936545
-0.934324
-0.932066
-0.929772
-0.927440
-0.925072
-0.922668
-0.920227
-0.917750
-0.915236
-0.912687
-0.910101
-0.907480
-0.904822
-0.902129
-0.899401
-0.896636
-0.893837
-0.891002
-0.888132
-0.885227
-0.882287
-0.879312
-0.876302
-0.873258
-0.870179
-0.867066
-0.863919
-0.860738
-0.857522
-0.854273
-0.850990
-0.847673
-0.844324
-0.840940
-0.837524
-0.834074
-0.830592
-0.827076
-0.823528
-0.819948
-0.816335
-0.812690
-0.809013
-0.805304
-0.801563
-0.797790
-0.793986
-0.790151
-0.786284
-0.782387
-0.778458
-0.774499
-0.770509
-0.766489
-0.762439
-0.758358
-0.754247
-0.750107
-0.745937
-0.741738
-0.737509
-0.733252
-0.728965
-0.724649
-0.720305
-0.715933
-0.711532
-0.707103
-0.702646
-0.698162
-0.693650
-0.689110
-0.684544
-0.679950
-0.675329
-0.670682
-0.666008
-0.661308
-0.656582
-0.651830
-0.647053
-0.642249
-0.637421
-0.632567
-0.627688
-0.622785
-0.617856
-0.612904
-0.607927
-0.602926
-0.597902
-0.592854
-0.587782
-0.582687
-0.577570
-0.572429
-0.567266
-0.562080
-0.556873
-0.551643
-0.546391
-0.541118
-0.535824
-0.530508
-0.525172
-0.519815
-0.514437
-0.509039
-0.503621
-0.498182
-0.492725
-0.487248
-0.481751
-0.476236
-0.470701
-0.465149
-0.459577
-0.453988
-0.448381
-0.442756
-0.437113
-0.431454
-0.425777
-0.420084
-0.414373
-0.408647
-0.402904
-0.397146
-0.391372
-0.385582
-0.379777
-0.373957
-0.368123
-0.362273
-0.356410
-0.350532
-0.344641
-0.338736
-0.332818
-0.326886
-0.320942
-0.314985
-0.309015
-0.303034
-0.297040
-0.291035
-0.285018
-0.278990
-0.272951
-0.266901
-0.260840
-0.254769
-0.248689
-0.242598
-0.236498
-0.230388
-0.224270
-0.218142
-0.212006
-0.205862
-0.199709
-0.193548
-0.187380
-0.181205
-0.175022
-0.168833
-0.162636
-0.156434
-0.150225
-0.144010
-0.137790
-0.131564
-0.125333
-0.119097
-0.112856
-0.106611
-0.100361
-0.094108
-0.087851
-0.081590
-0.075326
-0.069060
-0.062790
-0.056518
-0.050244
-0.043968
-0.037690
-0.031411
-0.025130
-0.018832
-0.011798
0.000000
