9822021116093422929010339863358638368571460006050897383718649683652696844113646463256465180319666140029096787155529428897533383323015679159093484690403354209626844638977632105814599746969402164582644308473597774160688965782337241824801232311247156805632.000000
1155094844731118352191208678665657101204770338711247222255028479209463588339956369111266246798550421135398889610238294292753926075357571284414302448961069769363822615743097731246080238223592736316901511173601052810227702158442289188110936176855189815296.000000
23757459073055023975434936803375390720069305992158655285375803104572556227944693187327657415328805708621312374434950554969143401297643724556429034212721508409964800615719127255258472712650121322808083298618727501090091310184211407734380388516655792128.000000
194801516483570517266300072042339034273905647064967622051818381995898140982242484627975902005577694568199952709381189418831822665191157130769665722498295952066283091428286473841213161060328409240674907273387792352403572843530740134872567284867530752.000000
851932624348707932883969518259883637999425638841699647336301106159659392125557060508080407062455660359532233427212487934996770780549322723170911708569509591213827118102317105157313030028089439902377051220950737433896889071266345942557471564365824.000000
2307756182224733738439406172502629659004697637536674030172498730277400959849992406486878469390983068377864661025076809720333206383888740712955659566663445857190519127886322815737972135613557481396403776084606456460528559304965026287903920095232.000000
4241305193531926842311922353718367361308533242369822775052951881725421000816717288701436020135234870286418129685808283195070068299184991169029058145957410499587783995133220290090299982227968667495584091849408567012399762130948503875243474944.000000
5622323414580571736548715475954318969300959069871374990734037092215429447974686659926687260637316761978187755324157350939765820251030231800106266830396669564257007604544554156250173778477426287442120132324008551323064225760870287357771776.000000
5616867949556462452845287056455180517143209112943159390779286944423572583111510301097462677115570779934347476956763852181933925695005743213196335453224743819802013708337734961590421059653473769439421593073980068860361368475912728739840.000000
4370489583306725027297672363605707934813418360969469797324160126208094305156102156507235421672975609028380188296505607374728009420444371350979340851093107711619802679378326394304050212091732432173716221810064510820050194057664659456.000000
2717154818219254707582704691285416153841274765423450604337036669724364511445430725820347301768040101415099139205310124568352986872010825106235950838716416278668769769180983122422578852231426386159497270167262391091683586809528320.000000
1377449318344751444916150017901768418244616767224350061355170991984135555662880805903691988427679342386500209562877856670430382698781677287662447767379437525943432480707479534748193755897004501280629542301956699026797717618688.000000
578873651633471769587949041057142067662332303006785476159209725984591930191180894988007201260045791610250316719544284091419145276521508880396528536531135055114277475188128721453794791327306938265429835451540962630738903040.000000
204434881915912310336934924561425649036520243101604864350124368135182458742525497625025739038114312402862440557882847674793403810214956354951579931513651453277096258511639642391530400800196638532407884636309194312515584.000000
61366722371630007441609243549644675500982978598384741628213144854551760226129678615173026089617594811646903783016434628731301670784467258518193370813493744959642752328515161119718911414091556691123003992382640226304.000000
15808478967866174606230958108074381508110859462257071253220441347554064492837744267894120665313986313438519121634831285250804601657714100023491356669750471960665158870899434197188475742685091359788471939326017536.000000
3523510764389453541370852755409836101530469613891537002081391236668663378843187266685840715768029582310015011362439520246474948251972302467872100343067685617895218912955473671726979036152428690662878722654208.000000
684267379769913223974058460847454364844287359350861879637483337945378010526980651442962402297377159963474269777894329892917107610677751456102067298634369705015398942656085869061989913281142676025159712768.000000
116479258920332690004563775299691126329760720061510578979399159061175888830687188419556137248853574405333483519750325576423432247916993336768671963755413056301213620677231638910421424901525306588790784.000000
17469808662739428536406683265628865641925255337140961986470214926993453628455286956175193416565999973663592716295081565177489814916761219331848362076815462960205689736048516217950739429270979870720.000000
2318867191924449180979668202532452168962335929589573939594696548196787026493028826473728085505185582579842882151117010652923883864993417816523978282610488690523654203189653076034505114877165568.000000
273445067581252212311607130414387489697459883099443803441079023024721958099307817525788796999152637593056729820334216965926020374905966446882136105763685011698787409361742288855920749314048.000000
28740040082759356665928650587208154525407045902680963395334942623740532763338201825705317778521981694438946407454911248597147768618648076504073327396912184943667670819632335355195162624.000000
2699772359883866591317301067286695471435886776936014953569395443219824927808312539025259499988722392796391964994608228738756173451750101018503907057562406457763069960501878098755584.000000
227190890230633674228680079353469246029899720645242104088507121709821422855643881215053063006694950545904327542053356486100440309054358314972089289536273513808119407898487947264.000000
17159191300617908306741936268956097433341360677488406581861521163979366084742718052731087066331132265955027728745757531935793072383411714765851126561630365159347254017916928.000000
1164904600725196908899997271283318891532838911089706338098967239795479304330385642722105581529899452569449405909658893039611697946113641659190090767412294481293292339200.000000
71162568862063292461181385255940973502286175458482253333072794775732314547720893763711033918019621513008262697659070688965802397354124755317553993454508120408588288.000000
3914706259751052210931983519602538731660311336845332246313882278701158938608321190261761452797122874054828215337819684452264425704059909466417191863769492357120.000000
193995192693720046350040621779092937881054184386073284098376102774249474739944203763674047662189385290840670751453909294644373649709686669903512043748589568.000000
8660077749069893212380470497614069185681187147083292712334811691363597912772501054519565941884365149652689120480010003513486092928791629864514074181632.000000
348110766791522028071049454723541128325926009224429081519016250153636390797275061873883964580387811329453504736064714591409989546991789516980748288.000000
12589977808181550016596432669754026950726566359947720892693740516379794148301184904032643666693629286183010905344720685581176302746155993792512.000000
409164672671600358794841382682759279174035949081129008596686361229685214236873289935677886901814654702654783145140585935390797582603124736.000000
11928273441636897903877037311647841570944136634292212797215018522893977510993147519985161923940548523095749731770974931619467484987392.000000
311217294828976874849689611143926907626433558529693672684420443054405306849258276093497039637434654508689008207562935034854768640.000000
7245700488321155073357280614236613561080852221301503771321141511748987311663666160611318326476902733967633658973262006190080.000000
149977505245343976304724559517868066675686778907367181271913543185473036159151461341088346773363818270069494141838950400.000000
2747314826910288073416498412447462991106803821737432927052262538582748100952782980283747335420883691506953122480128.000000
44284668410432022621751581459128287391198532526395888761723870454036123839781043270431184411197070145199538176.000000
623705629055306654854030854322260721686754484162012961104924674648373845165048008081244303737902042447872.000000
7607074377798546123027435588251069186802592565515774120017453801974674552740663249656880392038252544.000000
79440529520090009515681768965092656921824727680360568409427247207476463528793466396468714668032.000000
699938361382768298246312710700045738906350308557731519477308798183223348740591773242359808.000000
5101995135695341018946530106900542619522915057487116969967091137066048086169868042240.000000
29940029454340631753481319277638672094543524917585254150742562927566763111481344.000000
135910304098737496351793755445051351469336588327445721282728681511749419008.000000
447794610183183901203152188195105116309622054778200861697002627399680.000000
952641756858349730480854264621945826537956086695983468171493376.000000
982202111609344369305663943179602981479148148064098713600.000000
0.309015
0.314985
0.320942
0.326886
0.332818
0.338736
0.344641
0.350532
0.356410
0.362273
0.368123
0.373957
0.379777
0.385582
0.391372
0.397146
0.402904
0.408647
0.414373
0.420084
0.425777
0.431454
0.437113
0.442756
0.448381
0.453988
0.459577
0.465149
0.470701
0.476236
0.481751
0.487248
0.492725
0.498182
0.503621
0.509039
0.514437
0.519815
0.525172
0.530508
0.535824
0.541118
0.546391
0.551643
0.556873
0.562080
0.567266
0.572429
0.577570
0.582687
0.587782
0.592854
0.597902
0.602926
0.607927
0.612904
0.617856
0.622785
0.627688
0.632567
0.637421
0.642249
0.647053
0.651830
0.656582
0.661308
0.666008
0.670682
0.675329
0.679950
0.684544
0.689110
0.693650
0.698162
0.702646
0.707103
0.711532
0.715933
0.720305
0.724649
0.728965
0.733252
0.737509
0.741738
0.745937
0.750107
0.754247
0.758358
0.762439
0.766489
0.770509
0.774499
0.778458
0.782387
0.786284
0.790151
0.793986
0.797790
0.801563
0.805304
0.809013
0.812690
0.816335
0.819948
0.823528
0.827076
0.830592
0.834074
0.837524
0.840940
0.844324
0.847673
0.850990
0.854273
0.857522
0.860738
0.863919
0.867066
0.870179
0.873258
0.876302
0.879312
0.882287
0.885227
0.888132
0.891002
0.893837
0.896636
0.899401
0.902129
0.904822
0.907480
0.910101
0.912687
0.915236
0.917750
0.920227
0.922668
0.925072
0.927440
0.929772
0.932066
0.934324
0.936545
0.938729
0.940876
0.942986
0.945058
0.947093
0.949091
0.951052
0.952974
0.954860
0.956707
0.958517
0.960289
0.962023
0.963719
0.965377
0.966996
0.968578
0.970122
0.971627
0.973093
0.974522
0.975912
0.977263
0.978576
0.979850
0.981085
0.982282
0.983440
0.984559
0.985639
0.986681
0.987683
0.988647
0.989571
0.990456
0.991302
0.992110
0.992877
0.993606
0.994296
0.994946
0.995557
0.996128
0.996661
0.997154
0.997607
0.998022
0.998396
0.998732
0.999028
0.999284
0.999501
0.999679
0.999817
0.999916
0.999975
0.999995
0.999975
0.999916
0.999817
0.999679
0.999501
0.999284
0.999028
0.998732
0.998396
0.998022
0.997607
0.997154
0.996661
0.996128
0.995557
0.994946
0.994296
0.993606
0.992877
0.992110
0.991302
0.990456
0.989571
0.988647
0.987683
0.986681
0.985639
0.984559
0.983440
0.982282
0.981085
0.979850
0.978576
0.977263
0.975912
0.974522
0.973093
0.971627
0.970122
0.968578
0.966996
0.965377
0.963719
0.962023
0.960289
0.958517
0.956707
0.954860
0.952974
0.951052
0.949091
0.947093
0.945058
0.942986
0.940876
0.938729
0.936545
0.934324
0.932066
0.929772
0.927440
0.925072
0.922668
0.920227
0.917750
0.915236
0.912687
0.910101
0.907480
0.904822
0.902129
0.899401
0.896636
0.893837
0.891002
0.888132
0.885227
0.882287
0.879312
0.876302
0.873258
0.870179
0.867066
0.863919
0.860738
0.857522
0.854273
0.850990
0.847673
0.844324
0.840940
0.837524
0.834074
0.830592
0.827076
0.823528
0.819948
0.816335
0.812690
0.809013
0.805304
0.801563
0.797790
0.793986
0.790151
0.786284
0.782387
0.778458
0.774499
0.770509
0.766489
0.762439
0.758358
0.754247
0.750107
0.745937
0.741738
0.737509
0.733252
0.728965
0.724649
0.720305
0.715933
0.711532
0.707103
0.702646
0.698162
0.693650
0.689110
0.684544
0.679950
0.675329
0.670682
0.666008
0.661308
0.656582
0.651830
0.647053
0.642249
0.637421
0.632567
0.627688
0.622785
0.617856
0.612904
0.607927
0.602926
0.597902
0.592854
0.587782
0.582687
0.577570
0.572429
0.567266
0.562080
0.556873
0.551643
0.546391
0.541118
0.535824
0.530508
0.525172
0.519815
0.514437
0.509039
0.503621
0.498182
0.492725
0.487248
0.481751
0.476236
0.470701
0.465149
0.459577
0.453988
0.448381
0.442756
0.437113
0.431454
0.425777
0.420084
0.414373
0.408647
0.402904
0.397146
0.391372
0.385582
0.379777
0.373957
0.368123
0.362273
0.356410
0.350532
0.344641
0.338736
0.332818
0.326886
0.320942
0.314985
0.309015
0.303034
0.297040
0.291035
0.285018
0.278990
0.272951
0.266901
0.260840
0.254769
0.248689
0.242598
0.236498
0.230388
0.224270
0.218142
0.212006
0.205862
0.199709
0.193548
0.187380
0.181205
0.175022
0.168833
0.162636
0.156434
0.150225
0.144010
0.137790
0.131564
0.125333
0.119097
0.112856
0.106611
0.100361
0.094108
0.087851
0.081590
0.075326
0.069060
0.062790
0.056518
0.050244
0.043968
0.037690
0.031411
0.025130
0.018848
0.012566
0.006283
0.000000
-0.006283
-0.012566
-0.018848
-0.025130
-0.031411
-0.037690
-0.043968
-0.050244
-0.056518
-0.062790
-0.069060
-0.075326
-0.081590
-0.087851
-0.094108
-0.100361
-0.106611
-0.112856
-0.119097
-0.125333
-0.131564
-0.137790
-0.144010
-0.150225
-0.156434
-0.162636
-0.168833
-0.175022
-0.181205
-0.187380
-0.193548
-0.199709
-0.205862
-0.212006
-0.218142
-0.224270
-0.230388
-0.236498
-0.242598
-0.248689
-0.254769
-0.260840
-0.266901
-0.272951
-0.278990
-0.285018
-0.291035
-0.297040
-0.303034
-0.309015
-0.314985
-0.320942
-0.326886
-0.332818
-0.338736
-0.344641
-0.350532
-0.356410
-0.362273
-0.368123
-0.373957
-0.379777
-0.385582
-0.391372
-0.397146
-0.402904
-0.408647
-0.414373
-0.420084
-0.425777
-0.431454
-0.437113
-0.442756
-0.448381
-0.453988
-0.459577
-0.465149
-0.470701
-0.476236
-0.481751
-0.487248
-0.492725
-0.498182
-0.503621
-0.509039
-0.514437
-0.519815
-0.525172
-0.530508
-0.535824
-0.541118
-0.546391
-0.551643
-0.556873
-0.562080
-0.567266
-0.572429
-0.577570
-0.582687
-0.587782
-0.592854
-0.597902
-0.602926
-0.607927
-0.612904
-0.617856
-0.622785
-0.627688
-0.632567
-0.637421
-0.642249
-0.647053
-0.651830
-0.656582
-0.661308
-0.666008
-0.670682
-0.675329
-0.679950
-0.684544
-0.689110
-0.693650
-0.698162
-0.702646
-0.707103
-0.711532
-0.715933
-0.720305
-0.724649
-0.728965
-0.733252
-0.737509
-0.741738
-0.745937
-0.750107
-0.754247
-0.758358
-0.762439
-0.766489
-0.770509
-0.774499
-0.778458
-0.782387
-0.786284
-0.790151
-0.793986
-0.797790
-0.801563
-0.805304
-0.809013
-0.812690
-0.816335
-0.819948
-0.823528
-0.827076
-0.830592
-0.834074
-0.837524
-0.840940
-0.844324
-0.847673
-0.850990
-0.854273
-0.857522
-0.860738
-0.863919
-0.867066
-0.870179
-0.873258
-0.876302
-0.879312
-0.882287
-0.885227
-0.888132
-0.891002
-0.893837
-0.896636
-0.899401
-0.902129
-0.904822
-0.907480
-0.910101
-0.912687
-0.915236
-0.917750
-0.920227
-0.922668
-0.925072
-0.927440
-0.929772
-0.932066
-0.934324
-0.936545
-0.938729
-0.940876
-0.942986
-0.945058
-0.947093
-0.949091
-0.951052
-0.952974
-0.954860
-0.956707
-0.958517
-0.960289
-0.962023
-0.963719
-0.965377
-0.966996
-0.968578
-0.970122
-0.971627
-0.973093
-0.974522
-0.975912
-0.977263
-0.978576
-0.979850
-0.981085
-0.982282
-0.983440
-0.984559
-0.985639
-0.986681
-0.987683
-0.988647
-0.989571
-0.990456
-0.991302
-0.992110
-0.992877
-0.993606
-0.994296
-0.994946
-0.995557
-0.996128
-0.996661
-0.997154
-0.997607
-0.998022
-0.998396
-0.998732
-0.999028
-0.999284
-0.999501
-0.999679
-0.999817
-0.999916
-0.999975
-0.999995
-0.999975
-0.999916
-0.999817
-0.999679
-0.999501
-0.999284
-0.999028
-0.998732
-0.998396
-0.998022
-0.997607
-0.997154
-0.996661
-0.996128
-0.995557
-0.994946
-0.994296
-0.993606
-0.992877
-0.992110
-0.991302
-0.990456
-0.989571
-0.988647
-0.987683
-0.986681
-0.985639
-0.984559
-0.983440
-0.982282
-0.981085
-0.979850
-0.978576
-0.977263
-0.975912
-0.974522
-0.973093
-0.971627
-0.970122
-0.968578
-0.966996
-0.965377
-0.963719
-0.962023
-0.960289
-0.958517
-0.956707
-0.954860
-0.952974
-0.951052
-0.949091
-0.947093
-0.945058
-0.942986
-0.940876
-0.938729
-0.936545
-0.934324
-0.932066
-0.929772
-0.927440
-0.925072
-0.922668
-0.920227
-0.917750
-0.915236
-0.912687
-0.910101
-0.907480
-0.904822
-0.902129
-0.899401
-0.896636
-0.893837
-0.891002
-0.888132
-0.885227
-0.882287
-0.879312
-0.876302
-0.873258
-0.870179
-0.867066
-0.863919
-0.860738
-0.857522
-0.854273
-0.850990
-0.847673
-0.844324
-0.840940
-0.837524
-0.834074
-0.830592
-0.827076
-0.823528
-0.819948
-0.816335
-0.812690
-0.809013
-0.805304
-0.801563
-0.797790
-0.793986
-0.790151
-0.786284
-0.782387
-0.778458
-0.774499
-0.770509
-0.766489
-0.762439
-0.758358
-0.754247
-0.750107
-0.745937
-0.741738
-0.737509
-0.733252
-0.728965
-0.724649
-0.720305
-0.715933
-0.711532
-0.707103
-0.702646
-0.698162
-0.693650
-0.689110
-0.684544
-0.679950
-0.675329
-0.670682
-0.666008
-0.661308
-0.656582
-0.651830
-0.647053
-0.642249
-0.637421
-0.632567
-0.627688
-0.622785
-0.617856
-0.612904
-0.607927
-0.602926
-0.597902
-0.592854
-0.587782
-0.582687
-0.577570
-0.572429
-0.567266
-0.562080
-0.556873
-0.551643
-0.546391
-0.541118
-0.535824
-0.530508
-0.525172
-0.519815
-0.514437
-0.509039
-0.503621
-0.498182
-0.492725
-0.487248
-0.481751
-0.476236
-0.470701
-0.465149
-0.459577
-0.453988
-0.448381
-0.442756
-0.437113
-0.431454
-0.425777
-0.420084
-0.414373
-0.408647
-0.402904
-0.397146
-0.391372
-0.385582
-0.379777
-0.373957
-0.368123
-0.362273
-0.356410
-0.350532
-0.344641
-0.338736
-0.332818
-0.326886
-0.320942
-0.314985
-0.309015
-0.303034
-0.297040
-0.291035
-0.285018
-0.278990
-0.272951
-0.266901
-0.260840
-0.254769
-0.248689
-0.242598
-0.236498
-0.230388
-0.224270
-0.218142
-0.212006
-0.205862
-0.199709
-0.193548
-0.187380
-0.181205
-0.175022
-0.168833
-0.162636
-0.156434
-0.150225
-0.144010
-0.137790
-0.131564
-0.125333
-0.119097
-0.112856
-0.106611
-0.100361
-0.094108
-0.087851
-0.081590
-0.075326
-0.069060
-0.062790
-0.056518
-0.050244
-0.043968
-0.037690
-0.031411
-0.025130
-0.018832
-0.011798
0.000000
