9822021116093422929010339863358638368571460006050897383718649683652696844113646463256465180319666140029096787155529428897533383323015679159093484690403354209626844638977632105814599746969402164582644308473597774160688965782337241824801232311247156805632.000000
1638950705236549818978581714353770298321104480413296712549767877754425109536500179090645019905190632686429752311029377465892604440573653510708412581564873717821623262127859268692927855030705863271939548074685785406572109618751413950948642553384744779776.000000
48894040068639821640056242015791682866882298787459227798468437291168910636837794610970919275157533145529341687723625916538910055231794416711808357265767873408273951106258022695223600147805746124658243659580239950392013097470031106892272327838333403136.000000
581377611066966601804078107854308944181932479763556534490287181213785168897493033276728889382367219753534464353186326275472553983810985169532311349584591090681794993531277465384949916192901466632690835849628651904265698896843392296593766583824809984.000000
3686668479339011748044901886166913236368049183591322083329099749299680508507600197822638926360419948119883997217025949847325339333269498310324212835679893102992881126620972766205326154607141791205314918149862466028399387074310573959972820726317056.000000
14487022656509183650833114372682379448922118279181791068963426387016391233099290485499341145480779938971632715162358731106005970206073282798019541991636421231701132973552422299127770036032910446018588696471805121932041744835165463714733655851008.000000
38658675995333866727692800472500880989660632166634177191494303490874949459993721875005554365452462894205139909476280602371395590647827631511836938162062644084879543076180801711249629593246754427033284044666572525910905414400728636873848651776.000000
74505327682142614598435494083715618688391621833942972289944742375053607105733862845479946659053878341327499356981116251293836583998399776340285662624512046578869762450832081019407159844162384823820297968627897399176005088311576085697396736.000000
108394320060756857425603882513709656836857014084111255947734980581635750301554451144337132506514220878548719730678028856896062560296018833727661728159501532518189629841246568965706984497562747072822038137238728669175909119345529536380928.000000
123067370608919363971618057059713599380703676365435215615641902252079208939818380186703986840650958744061144032119768059591491490212959993693181977543790453543010992421610727224472730104959731544149933035746859206563801895879145684992.000000
111899376541005702409554597723348842574446579867942036093329570095501846085874292678053434391983508602480865499365538981130025430808054707731456544506011866003630122270910115237041199617624444362528264382110401026844535980424167424.000000
83182121526409370063270116600742470501265224271744451436770512560579486345413456560825417932900911969341118461041964570436281551049494263881813812534521060437805695097276192240599323342553121735599331069872253927717089776238592.000000
51411852772093491946487336571488720381314623993767875764404290558136063876509949316621394590492470474866363815366257626474987504098875503183972655637366708873580242866092775316005840089479313411049496820255108813649596121088.000000
26791151005299645756163139924611583211948248455703815488004496235402619940456004705807466132457603907316515057675070285295542220950861983531685239507334319584346371123159698906827693617233533466145966077879128784872931328.000000
11909993923974621468786785382089005533336866791053036082463308624921628096519097361187643028217326878087955421169661434658513992579941190040652868220145223425446396217824093331209885912140801931099208638379979333173248.000000
4562017165673289686147962046240566105679705085543231399488064161694865000263301754517421034422601808940426508520989967024392978881988999615514714625440316166492856191264029488352079632587426637600587286659075145728.000000
1518607868063247921530748064396192529867090398165026273588598112836507489275370365184314275828989341871268467831816241051832136813604669996899315601595866093219920434647361637719449009882863745680248101324980224.000000
442581063563504910243489737650122618096738094175556497452811198687688291760200914296449295949238140581465604267254417523953926167629873604775537470393379820652888660635696352418284530702796055279071702024192.000000
113656994926241183886846284297438488933367585697569035494542850303797573707464716212428327419941572905838498980209366501099418291766918983730111382149724518423914073528176760817937572783846831163659255808.000000
25864409418829348442280339946911172008144363052557599937058829874053347407156322878786399085754175343495568926213263609086449995376923728288764171700851148436707747103496444010775995588556182393978880.000000
5241559949750851665345575107613506077110154023480634237918893801626521336313173141766492537942084736630976899597528143703542268648390859353499492533874655782996355430228238739579695202213973458944.000000
950084241805024848599906390327987131691976904297192666026025958761573865316050833882430026655356898869586093546240189426810919069850411806570558193274595774427942710654940953385813296562569216.000000
154623774185551840560001369369506630668878464524478284824104721649166406877027990127654614411421029861677329502557283868293429840032532669836144227432837810409708638549543918473449410920448.000000
22671297286592144694863718372953128468009422440636390182354926176317286053413410782757761014521332314608460046334535956627286626024983838186158249098692824748869931304050348635474362368.000000
3003739902400589558190986750053345603088105992409043631895172672327793388231890136510873504748596064197878606465594749445496111449631330181309829832916201983651410713481704156168192.000000
360561027332942898803911828490572211796633792988690767012114061549134872428736135128884165371745668930257555144451612607903982547279723739815833000537822039913313086363291090944.000000
39303396404682908955925601800789503580823104532980325085682168351679259221037839957379244917558662286679559005920580305796157200098318691752304867138132345055838432227491840.000000
3898454298685853463590096352363121592390604121719026558831730104030740550877091241944201135358409800176224179444883736248012587773657591376899118241224205317750587916288.000000
352471447224708530181222128548887580312796091513305627530663459973066932878713600988099995468856321428831467729527739618811133805538603122658355910942757107410141184.000000
29091925324191884542985967017393287702190770664358179433305943855787893669787563451390118272262256483683947256075314662116418818202490667965088318454564489527296.000000
2194734863852945775313554495480318023262633200105096661741225988605184337947266810659587125190926210849848582906972427815859143378295661154551387947156897792.000000
151494803443645664759551854691005085707851666303283543116365652379493836228970831215434441985836356975874582917486574399077119971625589079580480903315456.000000
9575663079155091073879350184573098526071891682478490306999812733203650912508667769021164653625097170683014985661595647287840580566520562033836949504.000000
554563516847405648238325739134669805176005318045776189383936959185794502038809948726765611409340176625720950341698309116602284040780677109514240.000000
29437998422867035657470687859597194677601663674673374836284177178425878334129479087070757136871281373891594434675080850765050953331948650496.000000
1432550629340660485809196842298511814456318735861597125628703243060843075938670425494175808332061858531094539371555015942652005812535296.000000
63904552124168971945723769544860642647153426640385484764866135456535776485390921806358077603151483331651972017377952210581960261632.000000
2612469249950406957072198717463261000897815902469994015573064384386728081335454823981283003320236274571674258167851048901804032.000000
97823446331563967906826300737704346152732527667715832725052845114034083504695912978107011391752740190037577219934745788416.000000
3352530383833646530161489272876162659573999808355233694548738152688650970765820092601442480470092200281423729737596928.000000
105048110226553989133418010582305576029277043058285598668785430097656783442130214731761697757362389194612934705152.000000
3005441193950412861571602232074532978954039239291149706338599477465645159841282365547085644799339944157904896.000000
78380493896733955486459903517375951529832109168723353054255111393280121833791789201332442649228648382464.000000
1859521083198568001329067159478002245870117463327597877270705682543695227632423162931699130656882688.000000
40032806858012253392515085641495714157354047488663347084488913877261429819834576728736206422016.000000
779769321913801622660557415828184986290878271273059153527525345884798681779403780549246976.000000
13693382948884247837754360186508867970568490674651541434993351564070222768681957457920.000000
215875934083023962004717621306232092339217263517413352555416137491850426404831232.000000
3039681842487185925156097073543173824781611623689778002322365775238743982080.000000
37992616817912168737031392144727560096991886400062293541221753595887616.000000
418351919137054398440117763473877916406656626687815768375344234496.000000
4020735873110674694023090135619339915733761015689586610798592.000000
33334735607801200684856073187695526293877140040408104960.000000
234836705122930643921109732039746970946763533320192.000000
1377955698407559914909924246824637486971486208.000000
6551445688106218843606433089059546988544.000000
24243724534080728849387084956303360.000000
65499780887609232782895611904.000000
114906253513798728024064.000000
98220211160934496.000000
0.368122
0.373956
0.379776
0.385581
0.391371
0.397145
0.402903
0.408646
0.414372
0.420083
0.425776
0.431453
0.437113
0.442755
0.448380
0.453987
0.459576
0.465148
0.470700
0.476235
0.481750
0.487246
0.492724
0.498181
0.503619
0.509038
0.514436
0.519813
0.525171
0.530507
0.535823
0.541117
0.546390
0.551642
0.556871
0.562079
0.567265
0.572428
0.577568
0.582686
0.587781
0.592852
0.597901
0.602925
0.607926
0.612902
0.617855
0.622783
0.627687
0.632565
0.637419
0.642248
0.647051
0.651829
0.656581
0.661307
0.666007
0.670681
0.675328
0.679948
0.684542
0.689109
0.693648
0.698160
0.702645
0.707102
0.711530
0.715931
0.720304
0.724648
0.728963
0.733250
0.737508
0.741736
0.745936
0.750105
0.754246
0.758356
0.762437
0.766487
0.770507
0.774497
0.778456
0.782385
0.786283
0.790149
0.793984
0.797788
0.801561
0.805302
0.809011
0.812688
0.816333
0.819946
0.823526
0.827074
0.830590
0.834072
0.837522
0.840938
0.844322
0.847672
0.850988
0.854271
0.857520
0.860736
0.863917
0.867064
0.870177
0.873256
0.876300
0.879310
0.882285
0.885225
0.888130
0.891000
0.893835
0.896634
0.899399
0.902127
0.904820
0.907478
0.910099
0.912685
0.915234
0.917748
0.920225
0.922666
0.925070
0.927438
0.929770
0.932064
0.934322
0.936543
0.938727
0.940874
0.942983
0.945056
0.947091
0.949089
0.951049
0.952972
0.954857
0.956705
0.958515
0.960287
0.962020
0.963716
0.965374
0.966994
0.968576
0.970119
0.971624
0.973091
0.974520
0.975909
0.977261
0.978574
0.979848
0.981083
0.982280
0.983438
0.984557
0.985637
0.986679
0.987681
0.988644
0.989569
0.990454
0.991300
0.992107
0.992875
0.993604
0.994293
0.994944
0.995555
0.996126
0.996658
0.997151
0.997605
0.998019
0.998394
0.998730
0.999025
0.999282
0.999499
0.999677
0.999815
0.999914
0.999973
0.999993
0.999973
0.999914
0.999815
0.999677
0.999499
0.999282
0.999025
0.998730
0.998394
0.998019
0.997605
0.997151
0.996658
0.996126
0.995555
0.994944
0.994293
0.993604
0.992875
0.992107
0.991300
0.990454
0.989569
0.988644
0.987681
0.986679
0.985637
0.984557
0.983438
0.982280
0.981083
0.979848
0.978574
0.977261
0.975909
0.974520
0.973091
0.971624
0.970119
0.968576
0.966994
0.965374
0.963716
0.962020
0.960287
0.958515
0.956705
0.954857
0.952972
0.951049
0.949089
0.947091
0.945056
0.942983
0.940874
0.938727
0.936543
0.934322
0.932064
0.929770
0.927438
0.925070
0.922666
0.920225
0.917748
0.915234
0.912685
0.910099
0.907478
0.904820
0.902127
0.899399
0.896634
0.893835
0.891000
0.888130
0.885225
0.882285
0.879310
0.876300
0.873256
0.870177
0.867064
0.863917
0.860736
0.857520
0.854271
0.850988
0.847672
0.844322
0.840938
0.837522
0.834072
0.830590
0.827074
0.823526
0.819946
0.816333
0.812688
0.809011
0.805302
0.801561
0.797788
0.793984
0.790149
0.786283
0.782385
0.778456
0.774497
0.770507
0.766487
0.762437
0.758356
0.754246
0.750105
0.745936
0.741736
0.737508
0.733250
0.728963
0.724648
0.720304
0.715931
0.711530
0.707102
0.702645
0.698160
0.693648
0.689109
0.684542
0.679948
0.675328
0.670681
0.666007
0.661307
0.656581
0.651829
0.647051
0.642248
0.637419
0.632565
0.627687
0.622783
0.617855
0.612902
0.607926
0.602925
0.597901
0.592852
0.587781
0.582686
0.577568
0.572428
0.567265
0.562079
0.556871
0.551642
0.546390
0.541117
0.535823
0.530507
0.525171
0.519813
0.514436
0.509038
0.503619
0.498181
0.492724
0.487246
0.481750
0.476235
0.470700
0.465148
0.459576
0.453987
0.448380
0.442755
0.437113
0.431453
0.425776
0.420083
0.414372
0.408646
0.402903
0.397145
0.391371
0.385581
0.379776
0.373956
0.368122
0.362273
0.356409
0.350532
0.344640
0.338735
0.332817
0.326886
0.320941
0.314984
0.309015
0.303033
0.297039
0.291034
0.285017
0.278989
0.272950
0.266900
0.260840
0.254769
0.248688
0.242597
0.236497
0.230388
0.224269
0.218142
0.212006
0.205861
0.199708
0.193548
0.187380
0.181204
0.175022
0.168832
0.162636
0.156433
0.150224
0.144010
0.137789
0.131563
0.125332
0.119096
0.112856
0.106610
0.100361
0.094108
0.087851
0.081590
0.075326
0.069060
0.062790
0.056518
0.050244
0.043968
0.037690
0.031411
0.025130
0.018848
0.012566
0.006283
0.000000
-0.006283
-0.012566
-0.018848
-0.025130
-0.031411
-0.037690
-0.043968
-0.050244
-0.056518
-0.062790
-0.069060
-0.075326
-0.081590
-0.087851
-0.094108
-0.100361
-0.106610
-0.112856
-0.119096
-0.125332
-0.131563
-0.137789
-0.144010
-0.150224
-0.156433
-0.162636
-0.168832
-0.175022
-0.181204
-0.187380
-0.193548
-0.199708
-0.205861
-0.212006
-0.218142
-0.224269
-0.230388
-0.236497
-0.242597
-0.248688
-0.254769
-0.260840
-0.266900
-0.272950
-0.278989
-0.285017
-0.291034
-0.297039
-0.303033
-0.309015
-0.314984
-0.320941
-0.326886
-0.332817
-0.338735
-0.344640
-0.350532
-0.356409
-0.362273
-0.368122
-0.373956
-0.379776
-0.385581
-0.391371
-0.397145
-0.402903
-0.408646
-0.414372
-0.420083
-0.425776
-0.431453
-0.437113
-0.442755
-0.448380
-0.453987
-0.459576
-0.465148
-0.470700
-0.476235
-0.481750
-0.487246
-0.492724
-0.498181
-0.503619
-0.509038
-0.514436
-0.519813
-0.525171
-0.530507
-0.535823
-0.541117
-0.546390
-0.551642
-0.556871
-0.562079
-0.567265
-0.572428
-0.577568
-0.582686
-0.587781
-0.592852
-0.597901
-0.602925
-0.607926
-0.612902
-0.617855
-0.622783
-0.627687
-0.632565
-0.637419
-0.642248
-0.647051
-0.651829
-0.656581
-0.661307
-0.666007
-0.670681
-0.675328
-0.679948
-0.684542
-0.689109
-0.693648
-0.698160
-0.702645
-0.707102
-0.711530
-0.715931
-0.720304
-0.724648
-0.728963
-0.733250
-0.737508
-0.741736
-0.745936
-0.750105
-0.754246
-0.758356
-0.762437
-0.766487
-0.770507
-0.774497
-0.778456
-0.782385
-0.786283
-0.790149
-0.793984
-0.797788
-0.801561
-0.805302
-0.809011
-0.812688
-0.816333
-0.819946
-0.823526
-0.827074
-0.830590
-0.834072
-0.837522
-0.840938
-0.844322
-0.847672
-0.850988
-0.854271
-0.857520
-0.860736
-0.863917
-0.867064
-0.870177
-0.873256
-0.876300
-0.879310
-0.882285
-0.885225
-0.888130
-0.891000
-0.893835
-0.896634
-0.899399
-0.902127
-0.904820
-0.907478
-0.910099
-0.912685
-0.915234
-0.917748
-0.920225
-0.922666
-0.925070
-0.927438
-0.929770
-0.932064
-0.934322
-0.936543
-0.938727
-0.940874
-0.942983
-0.945056
-0.947091
-0.949089
-0.951049
-0.952972
-0.954857
-0.956705
-0.958515
-0.960287
-0.962020
-0.963716
-0.965374
-0.966994
-0.968576
-0.970119
-0.971624
-0.973091
-0.974520
-0.975909
-0.977261
-0.978574
-0.979848
-0.981083
-0.982280
-0.983438
-0.984557
-0.985637
-0.986679
-0.987681
-0.988644
-0.989569
-0.990454
-0.991300
-0.992107
-0.992875
-0.993604
-0.994293
-0.994944
-0.995555
-0.996126
-0.996658
-0.997151
-0.997605
-0.998019
-0.998394
-0.998730
-0.999025
-0.999282
-0.999499
-0.999677
-0.999815
-0.999914
-0.999973
-0.999993
-0.999973
-0.999914
-0.999815
-0.999677
-0.999499
-0.999282
-0.999025
-0.998730
-0.998394
-0.998019
-0.997605
-0.997151
-0.996658
-0.996126
-0.995555
-0.994944
-0.994293
-0.993604
-0.992875
-0.992107
-0.991300
-0.990454
-0.989569
-0.988644
-0.987681
-0.986679
-0.985637
-0.984557
-0.983438
-0.982280
-0.981083
-0.979848
-0.978574
-0.977261
-0.975909
-0.974520
-0.973091
-0.971624
-0.970119
-0.968576
-0.966994
-0.965374
-0.963716
-0.962020
-0.960287
-0.958515
-0.956705
-0.954857
-0.952972
-0.951049
-0.949089
-0.947091
-0.945056
-0.942983
-0.940874
-0.938727
-0.936543
-0.934322
-0.932064
-0.929770
-0.927438
-0.925070
-0.922666
-0.920225
-0.917748
-0.915234
-0.912685
-0.910099
-0.907478
-0.904820
-0.902127
-0.899399
-0.896634
-0.893835
-0.891000
-0.888130
-0.885225
-0.882285
-0.879310
-0.876300
-0.873256
-0.870177
-0.867064
-0.863917
-0.860736
-0.857520
-0.854271
-0.850988
-0.847672
-0.844322
-0.840938
-0.837522
-0.834072
-0.830590
-0.827074
-0.823526
-0.819946
-0.816333
-0.812688
-0.809011
-0.805302
-0.801561
-0.797788
-0.793984
-0.790149
-0.786283
-0.782385
-0.778456
-0.774497
-0.770507
-0.766487
-0.762437
-0.758356
-0.754246
-0.750105
-0.745936
-0.741736
-0.737508
-0.733250
-0.728963
-0.724648
-0.720304
-0.715931
-0.711530
-0.707102
-0.702645
-0.698160
-0.693648
-0.689109
-0.684542
-0.679948
-0.675328
-0.670681
-0.666007
-0.661307
-0.656581
-0.651829
-0.647051
-0.642248
-0.637419
-0.632565
-0.627687
-0.622783
-0.617855
-0.612902
-0.607926
-0.602925
-0.597901
-0.592852
-0.587781
-0.582686
-0.577568
-0.572428
-0.567265
-0.562079
-0.556871
-0.551642
-0.546390
-0.541117
-0.535823
-0.530507
-0.525171
-0.519813
-0.514436
-0.509038
-0.503619
-0.498181
-0.492724
-0.487246
-0.481750
-0.476235
-0.470700
-0.465148
-0.459576
-0.453987
-0.448380
-0.442755
-0.437113
-0.431453
-0.425776
-0.420083
-0.414372
-0.408646
-0.402903
-0.397145
-0.391371
-0.385581
-0.379776
-0.373956
-0.368122
-0.362273
-0.356409
-0.350532
-0.344640
-0.338735
-0.332817
-0.326886
-0.320941
-0.314984
-0.309015
-0.303033
-0.297039
-0.291034
-0.285017
-0.278989
-0.272950
-0.266900
-0.260840
-0.254769
-0.248688
-0.242597
-0.236497
-0.230388
-0.224269
-0.218142
-0.212006
-0.205861
-0.199708
-0.193548
-0.187380
-0.181204
-0.175022
-0.168832
-0.162636
-0.156433
-0.150224
-0.144010
-0.137789
-0.131563
-0.125332
-0.119096
-0.112856
-0.106610
-0.100361
-0.094108
-0.087851
-0.081590
-0.075326
-0.069060
-0.062790
-0.056518
-0.050244
-0.043968
-0.037690
-0.031411
-0.025129
-0.018815
-0.011484
0.000000
