9822021116093422929010339863358638368571460006050897383718649683652696844113646463256465180319666140029096787155529428897533383323015679159093484690403354209626844638977632105814599746969402164582644308473597774160688965782337241824801232311247156805632.000000
2793598212154992269497564664539320854797028510853870818866441933306484650719796463308749132802041960952191683095900712458469753242393787177501625688500809805001353424981444575448752278714113439425040577785602904546626283971832947128072933093801036087296.000000
150185278007440480643309276871021833200433712935424898602496885956868129744074826280084324266856330702574760088528337100549922992021387176760312890209878940927180776836169539423824435993695592445230247802368160938286596807399251361128723030751139856384.000000
3214031222749187239462562172480236207153171435545157563162970562739077453465026008508344051896116514736223832433581905452176947003317438028325960784466798472925362819791634513187886020980185675431241884686819854714461985270510502202704771172341383168.000000
36627654970645707067782192895889635001885091170686446889176907913374468074706806606688430836153933677196218802976523796310896146120907209244994723380628480293581196102824494683143755328350141265077546934740067924559254105300111854326794572846333952.000000
258551710625410690104569620046741516995359939026753617018145400867142588474628460287653064527848141656067243840011397740031615135728086523510209870180967488213537489332352571850606044932257116255854507537815708407194641769769620672550409875750912.000000
1239797965502863421114784980819613803823693118971468579983483531658836620904717735287821055893807673529413747916503378469189732325036480424441635001309339748943760328026421540150212700529754894103423179577242671418857671973706193660749973291008.000000
4297484520099232887215084981849417739830148608181001845130270009950359330928273604338417357959548762133321131306398535655527966578244461374906043207359201024404364608597311882622236549359435731774441702129850162378856528813031832342673489920.000000
11260031455386000403527140824058758582008219756028555850836765270115427309355615021181034903797005933000133971365106888983984469654798665918574231575074464361420026328915649841246141556815163542523613001163568871250014299088815683465641984.000000
23063944715315183133919738647882918960363394322733466193404384421296623189937288293330158259195175167148645278865879344766062069747657705468427194204801529929276723535401947319266561000546602719097942149753047867817240621801212276113408.000000
37912368295751491294211319134648844985196021023194548108555227467681985682476676962519652831301397769666201965354972739479522542589035753642389818984119769529208758983559772756689025097440413366411659467741815850603019941050796998656.000000
51073583390428291437803818090000272613000194802866667211115733107289042780320614766394290445484096504876247314911048733460115332164630302032911922872695064599235850810970021957691832423079500250646949893261992163067648449638825984.000000
57363410396118029967242057917858996828501288453100746547797185854640070804709932061466458665321377788475511939268999051493578555561817129414659356411002529603483203260193815557289570643862017782619421362839976222688905745399808.000000
54488079294674368889898406052988130856074360473869830202221027054883213495231877977938468615794802456710694716282568338491197581405815566674390029178814505042704793887877046361670308705686314515664875710739638326468666195968.000000
44303167751213231898908894855791781751518129587532688487598186363929264198145596626744857898619021866838814929745835009290640458419713920042678925678295909310607731579457754090514231016291325047415608364544993783575478272.000000
31153862287124463366546871377604721555454777879696364789211860129311265047445736404754610292794441300159682212383818356129908056228289681664125399595709122391771317399261185061047441580810407244303728338806470877380608.000000
19116058077345304926400912635084030336473768237194436749726927729637488930252314847271539547807242808317606750013140044878105550974131301303303948968177103234158830200044048165919234021597179400795347063523076210688.000000
10314803132002379345285190969998430473411704470583941091302735036976009701928279463909263073428729469258206604567601677337209380403160737767795787196267674748515115665025276505795448420858783221383527026114166784.000000
4927815181456584741092048203169725452484885595926171339189465290828117741136720328432768291255705549272837319589353923339408757754178514985509364009163730552139054245990503978124389468337390188976100293476352.000000
2096953364811055848757359975282253394115280153056532422614526467640486898847307730984040325660886288734080380132762930425727809648121643351693707780622377207195813103718133172750499195093205783969622130688.000000
799066056259802518813267546697236236129077904903680683845080490501379940006136917660421868025802012063473527959269364371091620585137112218576656420597866321782763624622351472488310880597692960083017728.000000
273971957067782150885492031723458052780642258553706325795011298559509488957177431945914178638865719539273566022806243940746042847082970042117579631618733814239810271930010005087668511267687887798272.000000
84881864247678024414180067879523734127966287868707470107519349721849504380477017516566211447082087397816411446146628688237911663927810029989708274541329829582931111330413240881907562790546046976.000000
23854981191093657768339173639217816397181331810199466262287553344791949985713360927312897470200247553144260594605401419729540500479045704074422815808119542750357770280313199469271539240665088.000000
6102476533083922694605268801516139943617314852488372620828125255288887687489559019687740407927198516212751647681226057752568296689862885589278618119222650532141345641557162043067082997760.000000
1425477744193832142350442693574300290457032209344197895161160325721876815806841349397617412365987700730333562505216137479422423027567243863029446591669867634703893999518124959321817088.000000
304915603897803314055851389710473198479481405094460780649173616136690678818000699543253200678800307903252224809548984282013025792754188887115339089578300204448243570014761636593664.000000
59880891802109134707235604175605691844922613844919088665838809475523294887516013101525750658750919899329821999183659052238398530360013382935280333433627576008470860438135898112.000000
10822045099115433265522412502215525888122634917889108205354748434790282368847762322679964674766724568978462167913227232435088509787995908410486601272896905685736715477581824.000000
1803742042813825706586808795584040186388630947299272299298996721319704292243446134232964473586794007971551433514515808092392635481874455144300983099268610971023175581696.000000
277799858514406837993706813985480349341705617294719502684715053450449404239415638908191415906179636155127543450150647373254175728337520331901371625501346030977810432.000000
39605440447098304499541971144938354578029297806618840896271822530289999979450841146400819963515137707020775444336999489180319384033312478383893850794647563010048.000000
5235355109916084012940138382997475039068743480810393157020209621142919419814454803832703791834208511663820013224366153763344323598735794043407338720437731328.000000
642606403804143683886164731414021004658322863516219545241412083118997741843570260784983662583936552720331757923243373582422036967904763674276556607324160.000000
73338369596696322575849498991581814651051314346111138970121625122441218662593284800973495014388364972746363447270133612461285066397476083677213491200.000000
7791642196314127468912873035742148651289563119149427581104967210078402665232038569265663086119890149429328617141942950604138386816690562361458688.000000
771454917007733234845052884658975578146882625537251120910019512720671836530574978638059254664538427744522521097344046474938333258776932515840.000000
71252334334406672127562796668237385753618887562332432513589485338352886322285086483434824627989243726074162603740714194282510303809765376.000000
6144283843168120001848901477415814598812256160364039312477429039566518461390050044148988577824912724557177412529373961137931826495488.000000
495061592700142375363426641908004475644453934863060240945023705833461639244218028797108337048893119558011577526040375879161348096.000000
37295154456340094941342654891430378000542130969676312478944837941470390103132664979571514460163841067688141141059922101796864.000000
2628444774454009272159875762721270680304394605004908006216449328164393876622606953705875108621095250190255161394985959424.000000
173382929994734698275613627569436019726910282800326624731054278592645009580171538215357488233395970286583746712829952.000000
10708855954766867642033808477890855144181242600058044296716024568553355130151355787704131118663380841127009583104.000000
619495582229137003331604052239793010202891844272496339354707366768895824955709820897838569346100081289330688.000000
33572367235549215821193272324065911411682768108059764303077608051383813600051392612294374318205850091520.000000
1704611781393806207712802110576324638976841596668020898471864681859195809975646075352047130924548096.000000
81092449643922334720077513886510845932861219050634843742692543849647441668937240624282059407360.000000
3614249485501515260639675464616752426012761897701198740623032435434985610862940011838308352.000000
150892817248551383769822371137353276184284576426682649593866051399349785696400654204928.000000
5899548740601842365796672677962382386677249459211796139382826728638947331519021056.000000
215929036058619378714166756799264024273213673198439643600836875146362435403776.000000
7395037169379766556483660174021553271837676490489476476465472592079224832.000000
236838146230072070233818540839816514678697384136002454901202454839296.000000
7088203462601047744505691445556987531480038264274668228739858432.000000
198073903685129585126389806045815196646497555708677803999232.000000
5162917796450867153303608726341278173204937116439543808.000000
125383721970734864623574761175782527433863629635584.000000
2833281353122047698519311191230524075779555328.000000
59481243675890355746711667279819112972288.000000
1158124409164857220206897272299978752.000000
20871278703233552839442006278144.000000
347352286111722818118877184.000000
5324539836365636894720.000000
74951201494713072.000000
965500494022.606812
11335889.569425
121.147414
0.415530
0.420080
0.425774
0.431450
0.437110
0.442752
0.448377
0.453985
0.459574
0.465145
0.470698
0.476232
0.481747
0.487244
0.492721
0.498179
0.503617
0.509035
0.514433
0.519811
0.525168
0.530504
0.535820
0.541114
0.546387
0.551639
0.556868
0.562076
0.567262
0.572425
0.577565
0.582683
0.587778
0.592849
0.597897
0.602922
0.607922
0.612899
0.617852
0.622780
0.627683
0.632562
0.637416
0.642244
0.647047
0.651825
0.656577
0.661303
0.666003
0.670677
0.675324
0.679944
0.684538
0.689105
0.693644
0.698156
0.702641
0.707098
0.711526
0.715927
0.720300
0.724644
0.728959
0.733246
0.737503
0.741732
0.745931
0.750101
0.754241
0.758352
0.762433
0.766483
0.770503
0.774493
0.778452
0.782381
0.786278
0.790145
0.793980
0.797784
0.801556
0.805297
0.809006
0.812684
0.816329
0.819941
0.823522
0.827070
0.830585
0.834067
0.837517
0.840934
0.844317
0.847667
0.850983
0.854266
0.857515
0.860731
0.863912
0.867059
0.870172
0.873251
0.876295
0.879305
0.882280
0.885220
0.888125
0.890995
0.893830
0.896629
0.899393
0.902122
0.904815
0.907473
0.910094
0.912680
0.915229
0.917743
0.920220
0.922661
0.925065
0.927433
0.929764
0.932059
0.934317
0.936538
0.938722
0.940868
0.942978
0.945051
0.947086
0.949084
0.951044
0.952967
0.954852
0.956700
0.958509
0.960281
0.962015
0.963711
0.965369
0.966989
0.968570
0.970114
0.971619
0.973086
0.974514
0.975904
0.977255
0.978568
0.979842
0.981078
0.982274
0.983432
0.984551
0.985632
0.986673
0.987675
0.988639
0.989563
0.990448
0.991295
0.992102
0.992870
0.993598
0.994288
0.994938
0.995549
0.996121
0.996653
0.997146
0.997599
0.998014
0.998388
0.998724
0.999020
0.999276
0.999493
0.999671
0.999809
0.999908
0.999967
0.999987
0.999967
0.999908
0.999809
0.999671
0.999493
0.999276
0.999020
0.998724
0.998388
0.998014
0.997599
0.997146
0.996653
0.996121
0.995549
0.994938
0.994288
0.993598
0.992870
0.992102
0.991295
0.990448
0.989563
0.988639
0.987675
0.986673
0.985632
0.984551
0.983432
0.982274
0.981078
0.979842
0.978568
0.977255
0.975904
0.974514
0.973086
0.971619
0.970114
0.968570
0.966989
0.965369
0.963711
0.962015
0.960281
0.958509
0.956700
0.954852
0.952967
0.951044
0.949084
0.947086
0.945051
0.942978
0.940868
0.938722
0.936538
0.934317
0.932059
0.929764
0.927433
0.925065
0.922661
0.920220
0.917743
0.915229
0.912680
0.910094
0.907473
0.904815
0.902122
0.899393
0.896629
0.893830
0.890995
0.888125
0.885220
0.882280
0.879305
0.876295
0.873251
0.870172
0.867059
0.863912
0.860731
0.857515
0.854266
0.850983
0.847667
0.844317
0.840934
0.837517
0.834067
0.830585
0.827070
0.823522
0.819941
0.816329
0.812684
0.809006
0.805297
0.801556
0.797784
0.793980
0.790145
0.786278
0.782381
0.778452
0.774493
0.770503
0.766483
0.762433
0.758352
0.754241
0.750101
0.745931
0.741732
0.737503
0.733246
0.728959
0.724644
0.720300
0.715927
0.711526
0.707098
0.702641
0.698156
0.693644
0.689105
0.684538
0.679944
0.675324
0.670677
0.666003
0.661303
0.656577
0.651825
0.647047
0.642244
0.637416
0.632562
0.627683
0.622780
0.617852
0.612899
0.607922
0.602922
0.597897
0.592849
0.587778
0.582683
0.577565
0.572425
0.567262
0.562076
0.556868
0.551639
0.546387
0.541114
0.535820
0.530504
0.525168
0.519811
0.514433
0.509035
0.503617
0.498179
0.492721
0.487244
0.481747
0.476232
0.470698
0.465145
0.459574
0.453985
0.448377
0.442752
0.437110
0.431450
0.425774
0.420080
0.414370
0.408644
0.402901
0.397143
0.391369
0.385579
0.379774
0.373954
0.368120
0.362271
0.356407
0.350530
0.344638
0.338733
0.332815
0.326884
0.320939
0.314982
0.309013
0.303031
0.297038
0.291032
0.285016
0.278987
0.272948
0.266898
0.260838
0.254767
0.248687
0.242596
0.236496
0.230386
0.224268
0.218140
0.212004
0.205860
0.199707
0.193547
0.187379
0.181203
0.175021
0.168831
0.162635
0.156432
0.150224
0.144009
0.137788
0.131563
0.125332
0.119096
0.112855
0.106610
0.100360
0.094107
0.087850
0.081590
0.075326
0.069059
0.062790
0.056518
0.050244
0.043968
0.037690
0.031410
0.025130
0.018848
0.012566
0.006283
0.000000
-0.006283
-0.012566
-0.018848
-0.025130
-0.031410
-0.037690
-0.043968
-0.050244
-0.056518
-0.062790
-0.069059
-0.075326
-0.081590
-0.087850
-0.094107
-0.100360
-0.106610
-0.112855
-0.119096
-0.125332
-0.131563
-0.137788
-0.144009
-0.150224
-0.156432
-0.162635
-0.168831
-0.175021
-0.181203
-0.187379
-0.193547
-0.199707
-0.205860
-0.212004
-0.218140
-0.224268
-0.230386
-0.236496
-0.242596
-0.248687
-0.254767
-0.260838
-0.266898
-0.272948
-0.278987
-0.285016
-0.291032
-0.297038
-0.303031
-0.309013
-0.314982
-0.320939
-0.326884
-0.332815
-0.338733
-0.344638
-0.350530
-0.356407
-0.362271
-0.368120
-0.373954
-0.379774
-0.385579
-0.391369
-0.397143
-0.402901
-0.408644
-0.414370
-0.420080
-0.425774
-0.431450
-0.437110
-0.442752
-0.448377
-0.453985
-0.459574
-0.465145
-0.470698
-0.476232
-0.481747
-0.487244
-0.492721
-0.498179
-0.503617
-0.509035
-0.514433
-0.519811
-0.525168
-0.530504
-0.535820
-0.541114
-0.546387
-0.551639
-0.556868
-0.562076
-0.567262
-0.572425
-0.577565
-0.582683
-0.587778
-0.592849
-0.597897
-0.602922
-0.607922
-0.612899
-0.617852
-0.622780
-0.627683
-0.632562
-0.637416
-0.642244
-0.647047
-0.651825
-0.656577
-0.661303
-0.666003
-0.670677
-0.675324
-0.679944
-0.684538
-0.689105
-0.693644
-0.698156
-0.702641
-0.707098
-0.711526
-0.715927
-0.720300
-0.724644
-0.728959
-0.733246
-0.737503
-0.741732
-0.745931
-0.750101
-0.754241
-0.758352
-0.762433
-0.766483
-0.770503
-0.774493
-0.778452
-0.782381
-0.786278
-0.790145
-0.793980
-0.797784
-0.801556
-0.805297
-0.809006
-0.812684
-0.816329
-0.819941
-0.823522
-0.827070
-0.830585
-0.834067
-0.837517
-0.840934
-0.844317
-0.847667
-0.850983
-0.854266
-0.857515
-0.860731
-0.863912
-0.867059
-0.870172
-0.873251
-0.876295
-0.879305
-0.882280
-0.885220
-0.888125
-0.890995
-0.893830
-0.896629
-0.899393
-0.902122
-0.904815
-0.907473
-0.910094
-0.912680
-0.915229
-0.917743
-0.920220
-0.922661
-0.925065
-0.927433
-0.929764
-0.932059
-0.934317
-0.936538
-0.938722
-0.940868
-0.942978
-0.945051
-0.947086
-0.949084
-0.951044
-0.952967
-0.954852
-0.956700
-0.958509
-0.960281
-0.962015
-0.963711
-0.965369
-0.966989
-0.968570
-0.970114
-0.971619
-0.973086
-0.974514
-0.975904
-0.977255
-0.978568
-0.979842
-0.981078
-0.982274
-0.983432
-0.984551
-0.985632
-0.986673
-0.987675
-0.988639
-0.989563
-0.990448
-0.991295
-0.992102
-0.992870
-0.993598
-0.994288
-0.994938
-0.995549
-0.996121
-0.996653
-0.997146
-0.997599
-0.998014
-0.998388
-0.998724
-0.999020
-0.999276
-0.999493
-0.999671
-0.999809
-0.999908
-0.999967
-0.999987
-0.999967
-0.999908
-0.999809
-0.999671
-0.999493
-0.999276
-0.999020
-0.998724
-0.998388
-0.998014
-0.997599
-0.997146
-0.996653
-0.996121
-0.995549
-0.994938
-0.994288
-0.993598
-0.992870
-0.992102
-0.991295
-0.990448
-0.989563
-0.988639
-0.987675
-0.986673
-0.985632
-0.984551
-0.983432
-0.982274
-0.981078
-0.979842
-0.978568
-0.977255
-0.975904
-0.974514
-0.973086
-0.971619
-0.970114
-0.968570
-0.966989
-0.965369
-0.963711
-0.962015
-0.960281
-0.958509
-0.956700
-0.954852
-0.952967
-0.951044
-0.949084
-0.947086
-0.945051
-0.942978
-0.940868
-0.938722
-0.936538
-0.934317
-0.932059
-0.929764
-0.927433
-0.925065
-0.922661
-0.920220
-0.917743
-0.915229
-0.912680
-0.910094
-0.907473
-0.904815
-0.902122
-0.899393
-0.896629
-0.893830
-0.890995
-0.888125
-0.885220
-0.882280
-0.879305
-0.876295
-0.873251
-0.870172
-0.867059
-0.863912
-0.860731
-0.857515
-0.854266
-0.850983
-0.847667
-0.844317
-0.840934
-0.837517
-0.834067
-0.830585
-0.827070
-0.823522
-0.819941
-0.816329
-0.812684
-0.809006
-0.805297
-0.801556
-0.797784
-0.793980
-0.790145
-0.786278
-0.782381
-0.778452
-0.774493
-0.770503
-0.766483
-0.762433
-0.758352
-0.754241
-0.750101
-0.745931
-0.741732
-0.737503
-0.733246
-0.728959
-0.724644
-0.720300
-0.715927
-0.711526
-0.707098
-0.702641
-0.698156
-0.693644
-0.689105
-0.684538
-0.679944
-0.675324
-0.670677
-0.666003
-0.661303
-0.656577
-0.651825
-0.647047
-0.642244
-0.637416
-0.632562
-0.627683
-0.622780
-0.617852
-0.612899
-0.607922
-0.602922
-0.597897
-0.592849
-0.587778
-0.582683
-0.577565
-0.572425
-0.567262
-0.562076
-0.556868
-0.551639
-0.546387
-0.541114
-0.535820
-0.530504
-0.525168
-0.519811
-0.514433
-0.509035
-0.503617
-0.498179
-0.492721
-0.487244
-0.481747
-0.476232
-0.470698
-0.465145
-0.459574
-0.453985
-0.448377
-0.442752
-0.437110
-0.431450
-0.425774
-0.420080
-0.414370
-0.408644
-0.402901
-0.397143
-0.391369
-0.385579
-0.379774
-0.373954
-0.368120
-0.362271
-0.356407
-0.350530
-0.344638
-0.338733
-0.332815
-0.326884
-0.320939
-0.314982
-0.309013
-0.303031
-0.297038
-0.291032
-0.285016
-0.278987
-0.272948
-0.266898
-0.260838
-0.254767
-0.248687
-0.242596
-0.236496
-0.230386
-0.224268
-0.218140
-0.212004
-0.205860
-0.199707
-0.193547
-0.187379
-0.181203
-0.175021
-0.168831
-0.162635
-0.156432
-0.150224
-0.144009
-0.137788
-0.131563
-0.125332
-0.119096
-0.112855
-0.106610
-0.100360
-0.094107
-0.087850
-0.081590
-0.075326
-0.069059
-0.062790
-0.056518
-0.050244
-0.043968
-0.037690
-0.031410
-0.025128
-0.018747
-0.010738
0.000000
