9822021116093422929010339863358638368571460006050897383718649683652696844113646463256465180319666140029096787155529428897533383323015679159093484690403354209626844638977632105814599746969402164582644308473597774160688965782337241824801232311247156805632.000000
44134315043098569271996314636678940951228385013795068962076407663295755708260735683270163834151493328136365824948345596398093886196786470701402052882010604876170034280393443872113363031367976758155068513432974154313458019735951835495629084221742514176.000000
32376385185662322031930798614633890701549308130250522450925042926376907751307186623794579322261670741859508253166847590220839748304938639008279582002564916033648503600811648437140073455447036318939089352394907565620888278231015683777439323738079232.000000
9067965600670581711820668137325386557399472721520223731033941761296982187602438795484970219176746590274281895621049539305629150625907699470522651987478549051840280217654516500731556467531877102713072950521977880729804425160352959150745934888960.000000
1263307766802595476531468615336115174377057984278730425098193002092270894378895234411894388814483000993762609163083955309146791455264153554400921037716465612273465456522320305109685260835550084668553612799267857947017281588398839622403096576.000000
98273748836609036739144128396057930899578099204398140369358700428866611696128429443838476634939858702860772422535576085272778346504570469053637935589495928615349083263061745183374935845615626642882836958992551086903424478646200971558912.000000
4467605387053371494733326339437255120936643887536591368238113149657111929174874875429844627283925436257705583984371247705864473768301690603188145907851086334350466785451508074646768549372332656114036461576433095669296392881525751808.000000
117840878151685318245153589671835933256646408380278300986434278387495665276063766261814658151965064377136867768915933342428041064763875067125096865301899080866530762976682474252549866228951674764733491880530959074331922584829952.000000
1669586437398024980797928048384096436681049972683768123083955661256001861646930390234959907590725659228520976060477620256802487282205872234035144685614857495610622723035420826265394374641860254467461952283906567645526228992.000000
9822021116093427906028516445288641886483941800823561142401059160934597855435616971005829112602446788924001728670231289836127887232885260237129861032796684173752063202577535943445315209521728362677621278649908474150912.000000
0.062791
0.069060
0.075327
0.081591
0.087851
0.094108
0.100362
0.106611
0.112856
0.119097
0.125333
0.131564
0.137790
0.144011
0.150226
0.156434
0.162637
0.168833
0.175023
0.181206
0.187381
0.193549
0.199710
0.205863
0.212007
0.218143
0.224271
0.230389
0.236499
0.242599
0.248690
0.254771
0.260841
0.266902
0.272952
0.278991
0.285019
0.291036
0.297042
0.303035
0.309017
0.314986
0.320944
0.326888
0.332819
0.338738
0.344643
0.350534
0.356412
0.362275
0.368124
0.373959
0.379779
0.385584
0.391374
0.397148
0.402906
0.408649
0.414375
0.420086
0.425779
0.431456
0.437116
0.442758
0.448383
0.453990
0.459580
0.465151
0.470704
0.476238
0.481754
0.487250
0.492727
0.498185
0.503623
0.509041
0.514439
0.519817
0.525174
0.530511
0.535827
0.541121
0.546394
0.551646
0.556875
0.562083
0.567269
0.572432
0.577573
0.582690
0.587785
0.592857
0.597905
0.602929
0.607930
0.612907
0.617859
0.622788
0.627691
0.632570
0.637424
0.642252
0.647056
0.651834
0.656586
0.661312
0.666012
0.670685
0.675333
0.679953
0.684547
0.689114
0.693653
0.698165
0.702650
0.707107
0.711535
0.715936
0.720309
0.724653
0.728968
0.733255
0.737513
0.741742
0.745941
0.750111
0.754251
0.758362
0.762442
0.766493
0.770513
0.774503
0.778462
0.782391
0.786288
0.790155
0.793990
0.797794
0.801567
0.805308
0.809017
0.812694
0.816339
0.819952
0.823532
0.827080
0.830596
0.834078
0.837528
0.840944
0.844328
0.847678
0.850994
0.854277
0.857526
0.860742
0.863923
0.867070
0.870184
0.873262
0.876306
0.879316
0.882291
0.885231
0.888136
0.891006
0.893841
0.896641
0.899405
0.902134
0.904827
0.907484
0.910106
0.912691
0.915241
0.917754
0.920232
0.922672
0.925077
0.927445
0.929776
0.932071
0.934329
0.936550
0.938734
0.940881
0.942990
0.945063
0.947098
0.949096
0.951056
0.952979
0.954864
0.956712
0.958522
0.960293
0.962027
0.963723
0.965381
0.967001
0.968583
0.970126
0.971631
0.973098
0.974527
0.975917
0.977268
0.978581
0.979855
0.981090
0.982287
0.983445
0.984564
0.985644
0.986686
0.987688
0.988651
0.989576
0.990461
0.991307
0.992114
0.992882
0.993611
0.994301
0.994951
0.995562
0.996133
0.996666
0.997159
0.997612
0.998026
0.998401
0.998737
0.999033
0.999289
0.999506
0.999684
0.999822
0.999921
0.999980
1.000000
0.999980
0.999921
0.999822
0.999684
0.999506
0.999289
0.999033
0.998737
0.998401
0.998026
0.997612
0.997159
0.996666
0.996133
0.995562
0.994951
0.994301
0.993611
0.992882
0.992114
0.991307
0.990461
0.989576
0.988651
0.987688
0.986686
0.985644
0.984564
0.983445
0.982287
0.981090
0.979855
0.978581
0.977268
0.975917
0.974527
0.973098
0.971631
0.970126
0.968583
0.967001
0.965381
0.963723
0.962027
0.960293
0.958522
0.956712
0.954864
0.952979
0.951056
0.949096
0.947098
0.945063
0.942990
0.940881
0.938734
0.936550
0.934329
0.932071
0.929776
0.927445
0.925077
0.922672
0.920232
0.917754
0.915241
0.912691
0.910106
0.907484
0.904827
0.902134
0.899405
0.896641
0.893841
0.891006
0.888136
0.885231
0.882291
0.879316
0.876306
0.873262
0.870184
0.867070
0.863923
0.860742
0.857526
0.854277
0.850994
0.847678
0.844328
0.840944
0.837528
0.834078
0.830596
0.827080
0.823532
0.819952
0.816339
0.812694
0.809017
0.805308
0.801567
0.797794
0.793990
0.790155
0.786288
0.782391
0.778462
0.774503
0.770513
0.766493
0.762442
0.758362
0.754251
0.750111
0.745941
0.741742
0.737513
0.733255
0.728968
0.724653
0.720309
0.715936
0.711535
0.707107
0.702650
0.698165
0.693653
0.689114
0.684547
0.679953
0.675333
0.670685
0.666012
0.661312
0.656586
0.651834
0.647056
0.642252
0.637424
0.632570
0.627691
0.622788
0.617859
0.612907
0.607930
0.602929
0.597905
0.592857
0.587785
0.582690
0.577573
0.572432
0.567269
0.562083
0.556875
0.551646
0.546394
0.541121
0.535827
0.530511
0.525174
0.519817
0.514439
0.509041
0.503623
0.498185
0.492727
0.487250
0.481754
0.476238
0.470704
0.465151
0.459580
0.453990
0.448383
0.442758
0.437116
0.431456
0.425779
0.420086
0.414375
0.408649
0.402906
0.397148
0.391374
0.385584
0.379779
0.373959
0.368124
0.362275
0.356412
0.350534
0.344643
0.338738
0.332819
0.326888
0.320944
0.314986
0.309017
0.303035
0.297042
0.291036
0.285019
0.278991
0.272952
0.266902
0.260841
0.254771
0.248690
0.242599
0.236499
0.230389
0.224271
0.218143
0.212007
0.205863
0.199710
0.193549
0.187381
0.181206
0.175023
0.168833
0.162637
0.156434
0.150226
0.144011
0.137790
0.131564
0.125333
0.119097
0.112856
0.106611
0.100362
0.094108
0.087851
0.081591
0.075327
0.069060
0.062791
0.056519
0.050244
0.043968
0.037690
0.031411
0.025130
0.018848
0.012566
0.006283
0.000000
-0.006283
-0.012566
-0.018848
-0.025130
-0.031411
-0.037690
-0.043968
-0.050244
-0.056519
-0.062791
-0.069060
-0.075327
-0.081591
-0.087851
-0.094108
-0.100362
-0.106611
-0.112856
-0.119097
-0.125333
-0.131564
-0.137790
-0.144011
-0.150226
-0.156434
-0.162637
-0.168833
-0.175023
-0.181206
-0.187381
-0.193549
-0.199710
-0.205863
-0.212007
-0.218143
-0.224271
-0.230389
-0.236499
-0.242599
-0.248690
-0.254771
-0.260841
-0.266902
-0.272952
-0.278991
-0.285019
-0.291036
-0.297042
-0.303035
-0.309017
-0.314986
-0.320944
-0.326888
-0.332819
-0.338738
-0.344643
-0.350534
-0.356412
-0.362275
-0.368124
-0.373959
-0.379779
-0.385584
-0.391374
-0.397148
-0.402906
-0.408649
-0.414375
-0.420086
-0.425779
-0.431456
-0.437116
-0.442758
-0.448383
-0.453990
-0.459580
-0.465151
-0.470704
-0.476238
-0.481754
-0.487250
-0.492727
-0.498185
-0.503623
-0.509041
-0.514439
-0.519817
-0.525174
-0.530511
-0.535827
-0.541121
-0.546394
-0.551646
-0.556875
-0.562083
-0.567269
-0.572432
-0.577573
-0.582690
-0.587785
-0.592857
-0.597905
-0.602929
-0.607930
-0.612907
-0.617859
-0.622788
-0.627691
-0.632570
-0.637424
-0.642252
-0.647056
-0.651834
-0.656586
-0.661312
-0.666012
-0.670685
-0.675333
-0.679953
-0.684547
-0.689114
-0.693653
-0.698165
-0.702650
-0.707107
-0.711535
-0.715936
-0.720309
-0.724653
-0.728968
-0.733255
-0.737513
-0.741742
-0.745941
-0.750111
-0.754251
-0.758362
-0.762442
-0.766493
-0.770513
-0.774503
-0.778462
-0.782391
-0.786288
-0.790155
-0.793990
-0.797794
-0.801567
-0.805308
-0.809017
-0.812694
-0.816339
-0.819952
-0.823532
-0.827080
-0.830596
-0.834078
-0.837528
-0.840944
-0.844328
-0.847678
-0.850994
-0.854277
-0.857526
-0.860742
-0.863923
-0.867070
-0.870184
-0.873262
-0.876306
-0.879316
-0.882291
-0.885231
-0.888136
-0.891006
-0.893841
-0.896641
-0.899405
-0.902134
-0.904827
-0.907484
-0.910106
-0.912691
-0.915241
-0.917754
-0.920232
-0.922672
-0.925077
-0.927445
-0.929776
-0.932071
-0.934329
-0.936550
-0.938734
-0.940881
-0.942990
-0.945063
-0.947098
-0.949096
-0.951056
-0.952979
-0.954864
-0.956712
-0.958522
-0.960293
-0.962027
-0.963723
-0.965381
-0.967001
-0.968583
-0.970126
-0.971631
-0.973098
-0.974527
-0.975917
-0.977268
-0.978581
-0.979855
-0.981090
-0.982287
-0.983445
-0.984564
-0.985644
-0.986686
-0.987688
-0.988651
-0.989576
-0.990461
-0.991307
-0.992114
-0.992882
-0.993611
-0.994301
-0.994951
-0.995562
-0.996133
-0.996666
-0.997159
-0.997612
-0.998026
-0.998401
-0.998737
-0.999033
-0.999289
-0.999506
-0.999684
-0.999822
-0.999921
-0.999980
-1.000000
-0.999980
-0.999921
-0.999822
-0.999684
-0.999506
-0.999289
-0.999033
-0.998737
-0.998401
-0.998026
-0.997612
-0.997159
-0.996666
-0.996133
-0.995562
-0.994951
-0.994301
-0.993611
-0.992882
-0.992114
-0.991307
-0.990461
-0.989576
-0.988651
-0.987688
-0.986686
-0.985644
-0.984564
-0.983445
-0.982287
-0.981090
-0.979855
-0.978581
-0.977268
-0.975917
-0.974527
-0.973098
-0.971631
-0.970126
-0.968583
-0.967001
-0.965381
-0.963723
-0.962027
-0.960293
-0.958522
-0.956712
-0.954864
-0.952979
-0.951056
-0.949096
-0.947098
-0.945063
-0.942990
-0.940881
-0.938734
-0.936550
-0.934329
-0.932071
-0.929776
-0.927445
-0.925077
-0.922672
-0.920232
-0.917754
-0.915241
-0.912691
-0.910106
-0.907484
-0.904827
-0.902134
-0.899405
-0.896641
-0.893841
-0.891006
-0.888136
-0.885231
-0.882291
-0.879316
-0.876306
-0.873262
-0.870184
-0.867070
-0.863923
-0.860742
-0.857526
-0.854277
-0.850994
-0.847678
-0.844328
-0.840944
-0.837528
-0.834078
-0.830596
-0.827080
-0.823532
-0.819952
-0.816339
-0.812694
-0.809017
-0.805308
-0.801567
-0.797794
-0.793990
-0.790155
-0.786288
-0.782391
-0.778462
-0.774503
-0.770513
-0.766493
-0.762442
-0.758362
-0.754251
-0.750111
-0.745941
-0.741742
-0.737513
-0.733255
-0.728968
-0.724653
-0.720309
-0.715936
-0.711535
-0.707107
-0.702650
-0.698165
-0.693653
-0.689114
-0.684547
-0.679953
-0.675333
-0.670685
-0.666012
-0.661312
-0.656586
-0.651834
-0.647056
-0.642252
-0.637424
-0.632570
-0.627691
-0.622788
-0.617859
-0.612907
-0.607930
-0.602929
-0.597905
-0.592857
-0.587785
-0.582690
-0.577573
-0.572432
-0.567269
-0.562083
-0.556875
-0.551646
-0.546394
-0.541121
-0.535827
-0.530511
-0.525174
-0.519817
-0.514439
-0.509041
-0.503623
-0.498185
-0.492727
-0.487250
-0.481754
-0.476238
-0.470704
-0.465151
-0.459580
-0.453990
-0.448383
-0.442758
-0.437116
-0.431456
-0.425779
-0.420086
-0.414375
-0.408649
-0.402906
-0.397148
-0.391374
-0.385584
-0.379779
-0.373959
-0.368124
-0.362275
-0.356412
-0.350534
-0.344643
-0.338738
-0.332819
-0.326888
-0.320944
-0.314986
-0.309017
-0.303035
-0.297042
-0.291036
-0.285019
-0.278991
-0.272952
-0.266902
-0.260841
-0.254771
-0.248690
-0.242599
-0.236499
-0.230389
-0.224271
-0.218143
-0.212007
-0.205863
-0.199710
-0.193549
-0.187381
-0.181206
-0.175023
-0.168833
-0.162637
-0.156434
-0.150226
-0.144011
-0.137790
-0.131564
-0.125333
-0.119097
-0.112856
-0.106611
-0.100362
-0.094108
-0.087851
-0.081591
-0.075327
-0.069060
-0.062791
-0.056519
-0.050244
-0.043968
-0.037690
-0.031411
-0.025130
-0.018848
-0.012532
0.000000
