9822021116093422929010339863358638368571460006050897383718649683652696844113646463256465180319666140029096787155529428897533383323015679159093484690403354209626844638977632105814599746969402164582644308473597774160688965782337241824801232311247156805632.000000
3442354090172300250729784692746988406958563901965679192845774616077419502871210653035538232725558902704141075334920647391959231217055137986756178934317731380734297975775406782981715596265211685255083938947212544516630202856702593588775852941355415240704.000000
235853773150417487390417733761101743731773100277040839255582840805451725421329635453766184315971095736027498745450712997079595975054525744427893607031622323541138977949334892944323697206903335553078106484590673290662087184227843863402735879161261326336.000000
6426995514090023270926736330711233445548537253798124951376454283609901034454069478623892038984552974902357698837589910170639291444363058112192644060835803498425061366413224935790580416207221896322500477771885612113994105817386320538633156478929731584.000000
93156003852173209638614582813884985391947346545831091233984966358837470593639343232967691711978987820590658047600990414397203638571861872965466147783409255875986472361318733486681060741118451167425122123461992648305403873783208500812225357774061568.000000
835849273526518811743959068897302170801143086650546035956866857327078066919465624204954632121160504578268178343326112068471687272348153078354744863668638081638970953713169535807015239551304491867242129720634745307325255459304872436832024559353856.000000
5093427369673902009003572833317037202304469509057025151379740363349261425280979126691745172855110260715486079206935227612799613866814308817277841163476905311509887621429753911268437705352226424275277203671969787859675815792843036678956345458688.000000
22436898164881772191971144143947357194278490510770839435905296024846520692907336079172072034022967064204580658342285784408711906453402511296799699018939606579524809588245556347979477677812166225064962304602723555684153019128953408543868846080.000000
74725344374646243350037729882434451655394022910009414460950967437305823774498401401347226781708895427678594716216994406002954123085105495224338474310677154378595221110741119828864651685490858859946127734909080486663726872828293746245238784.000000
194623182166745741062277070725874338760106487808077569261956974490613092674096957161299243545670632336936569197309701879933227083102427127984320106799384433713467568312501192907871485277260311142806882542479349513087242750029775742435328.000000
406985981916826779598727102114195565923830476077722068023580448660367772471358520510363383688744735486367904053809484914704479603490254739623383092084853753624182980616932751495997883456633595416526760971403680732505765579692626149376.000000
697884020268294060983499787476672711901105240115993635932579560309810106683375570591899956767603438735584127159683398016524318023823644917651270201137684482658217157845562718770500227562814773528664808629868429485950601365899182080.000000
998397160166870400185236030315071028512304674080482668586442590776357245732982233901358323861099854743385475174862538103808620199884158468822434984135909664366304507150212206358633929990280582529381420182746922620579567129067520.000000
1208883317136524317715934876235382439808669432311486891056547879211519647672795622896003097066144889002368868811425291991261394132967003614857188242074983704996204540929142935263467313709884573624199337110869681319921439473664.000000
1254018568183441293142785383073414760077803380544436371884242980041450334632179837629330775317997168439730720252697748687073502888548936552537742022322730152079785693210548714117011763434064793294657595526862547547886452736.000000
1126100815138477744793370118802764323053727662343270681891617130128083887810982850319172517368037465330397817689895454611531167665710914694053623284939131897241043740346563788414729209504414244190093485522707019877842944.000000
883298950317951362512199121407889167896812656310321387005147774811127155425481029500991398135609618449892327043027746649175377463443163556134539163612176129633604935037523607748952639189273479940924411140415061753856.000000
609958365065477159113471370109804290725636840575525750904332297294595294165794133463795228408077697197823397300830255841333710319545890759148152822395596590833905570491198882449078185768616529001936886726905561088.000000
373377292521034545403881669432110466985689994406053108808761454472560761349391666246934303259402187409481937421118351912525041368348882678245217463969717234445990116503345512426085923841463866764885419234426880.000000
203844965397913829127195213544449034126008288273623422609608746288585149339245270319645939288846648640991485970091591378648088379695816388167404416771249959681704304959812720184063948853760951608231166214144.000000
99796437086074109811418562658222269829029867711464744908548269287352306487608273835717672013077137918460161948390105539155273572283604353161644110788149101882026297266305271846296058122914081745666048000.000000
44025460921550410579712955737906290144925811440752773542587611360382020816211476967254154066005712785174862919121306053021657369179757167930209929892322590364289457551534080594276200327237413608882176.000000
17577798780168596469359333566280745329371520538347299878553359601774677972873850336896709577401560694984883428891687921416701259545324142612110388421263661511517193827107509320501079655280795451392.000000
6376906805987177013187127299679779680089034055130871424823415832745519130865124653675256796708219008762925992828604870906589674371253697095594588571183014831951014672366799881662353125033377792.000000
2109564808181769158433746828223488706947878955349805730328293327398559055973209030332518882456052545072017691814325180417391713726459008481938263090407332763695602821383098040737873071702016.000000
638445149590208877820573034263639761339753000753122960233109450828064818166592949058681891667444920343286808274605486342130058746353835590253753450383106814989044353582213470912744783872.000000
177291468418944104789788544355467164114607107661153286869041817161366134512977098878906163998722467458136077149669319702765941344850093795462295069816807599926889236708114146997043200.000000
45296016357577556598467491540354768442455769249794818359856512012072604019254937198930472499092377644380594012545138312140169618059076780272410305150129753017321386820441408012288.000000
10673702923587678966126501519435996066573160270501841961340729366713014960036897134674315265889362204434903408133727616501144124759091375788159429742774792828581584774511984640.000000
2325085074953458986623111679797042766898126443222092671698217968554285116303869547587911778818771745609504338722618043176975905287256745343063561502333417320691171535618048.000000
469176557377136957148901901263812862892494796260027759516068115486325841637653172132739272565369919681897244331272040899148829833000699404487138126346616651591911997440.000000
87869758554149513748993905203487044653561000532847382984448351289929779612578856881650997612171021451783512407300816689223979677570146198106401427277522479261679616.000000
15300779332102172642239407523523182274061687990126295082869493454002014773822305329043043922727628316287650495485300620946808269162490446901338308526894374453248.000000
2481206928595638386328401507667955872453062752338648785590126774640017671974066227257833345198037443791396926218770096192897806595191903283744868583956545536.000000
375263209009933491798092278276851657576627294849181519071616743757507257235435113843078535102340478440068997621762538091261132328025210941981774170816512.000000
53006489951527053676988546246929575232006162700921507996867060193071470756318128771208669078411749566031729431293667184509658596104589122988471746560.000000
7001492758070439081713246863429739332667941889835639913919071538747845793334291853970889973484166717647574215007531034435095151236615050534846464.000000
865813911721977039544701072222544646783972122468433540203814290681615593346296893286027487672466718280827480174476874448119568103403318935552.000000
100344312192751983854227154412902487603737702443310403959526340435044358078452959894994823291720250496867009596484439812439954929976606720.000000
10909828701205049816282281451582050399346591735427799675541015845383256131904225871079525457391151502098859534976198747524313122865152.000000
1113744801464243853007309379480433007712814467790538348648412487872030642872643065123872375321084187928453361102370237625820774400.000000
106843107397630436964685445718020140232358671398481500466533578969289998446800389657209004512689278255102719227000259835068416.000000
9638676335141304670677941429770643613257597171095016662719438550924368594031606919696757762807889012792391611835656175616.000000
818244921640454535246737024605554893152930823147144851862377364662763129101720285433773728021755580778494544937222144.000000
65403114729811447661049152012441914299745090437669405914179151890336473420664520959327782584359286161818966294528.000000
4924783038524214507127063490993800134607471429414391367779260481576822560907122902926909546021659310435598336.000000
349498040617320567872561180624721769206123795734399222850599870924037269192687882512282450500369812291584.000000
23385059601034893026878717350092656325683960888238832134046597509979547819557262745538774672380788736.000000
1475732450298030502203545677532596779551325009798705411055565567053148779648212955299242731110400.000000
87854501929827273325692163540686293922844067856414464080756780428108348382042037193388589056.000000
4935057067914618880621919154585867396438783298502407555205020877502207715587675895365632.000000
261606958834897160364260145326270730253777162792409533973965747842566709509678432256.000000
13087751812483325944680995229699723557850342384244033129008639006686289917378560.000000
617932870278874012988803233522982651332368899182856753586146872355090071552.000000
27532870858117550142725397522820559090762223222135553379336720515858432.000000
1157550674209088860519592624795929359453654900781593575707677556736.000000
45911466320729403145829192427236249703384627916138666119921664.000000
1717426140013483973281492901615627891805506293591890198528.000000
60570508535384402298522042110116887109640389245534208.000000
2013199329210653801632459535596998625635034202112.000000
63028147024381417798091534650463621528682496.000000
1857571534000808741929527775805518643200.000000
51501426299745255605119407064350720.000000
1342178322088958108772992024576.000000
32849153443166766619426816.000000
754246814715701624832.000000
16228248574442090.000000
326758556782.916931
6148014.678961
108.331845
0.427536
0.431449
0.437109
0.442751
0.448376
0.453983
0.459572
0.465143
0.470696
0.476230
0.481746
0.487242
0.492719
0.498177
0.503615
0.509033
0.514431
0.519809
0.525166
0.530502
0.535818
0.541112
0.546385
0.551637
0.556866
0.562074
0.567260
0.572423
0.577563
0.582681
0.587776
0.592847
0.597895
0.602920
0.607920
0.612897
0.617849
0.622777
0.627681
0.632560
0.637413
0.642242
0.647045
0.651823
0.656575
0.661301
0.666001
0.670674
0.675322
0.679942
0.684536
0.689102
0.693642
0.698154
0.702638
0.707095
0.711524
0.715925
0.720297
0.724641
0.728957
0.733243
0.737501
0.741730
0.745929
0.750099
0.754239
0.758349
0.762430
0.766480
0.770501
0.774490
0.778449
0.782378
0.786275
0.790142
0.793977
0.797781
0.801554
0.805295
0.809004
0.812681
0.816326
0.819939
0.823519
0.827067
0.830582
0.834065
0.837514
0.840931
0.844314
0.847664
0.850980
0.854263
0.857512
0.860728
0.863909
0.867056
0.870169
0.873248
0.876292
0.879302
0.882277
0.885217
0.888122
0.890992
0.893827
0.896626
0.899390
0.902119
0.904812
0.907469
0.910091
0.912677
0.915226
0.917739
0.920217
0.922657
0.925062
0.927430
0.929761
0.932056
0.934314
0.936534
0.938718
0.940865
0.942975
0.945047
0.947083
0.949080
0.951041
0.952964
0.954849
0.956696
0.958506
0.960278
0.962012
0.963708
0.965366
0.966986
0.968567
0.970111
0.971616
0.973082
0.974511
0.975901
0.977252
0.978565
0.979839
0.981074
0.982271
0.983429
0.984548
0.985628
0.986670
0.987672
0.988635
0.989560
0.990445
0.991291
0.992098
0.992866
0.993595
0.994284
0.994935
0.995546
0.996117
0.996649
0.997142
0.997596
0.998010
0.998385
0.998720
0.999016
0.999273
0.999490
0.999668
0.999806
0.999905
0.999964
0.999983
0.999964
0.999905
0.999806
0.999668
0.999490
0.999273
0.999016
0.998720
0.998385
0.998010
0.997596
0.997142
0.996649
0.996117
0.995546
0.994935
0.994284
0.993595
0.992866
0.992098
0.991291
0.990445
0.989560
0.988635
0.987672
0.986670
0.985628
0.984548
0.983429
0.982271
0.981074
0.979839
0.978565
0.977252
0.975901
0.974511
0.973082
0.971616
0.970111
0.968567
0.966986
0.965366
0.963708
0.962012
0.960278
0.958506
0.956696
0.954849
0.952964
0.951041
0.949080
0.947083
0.945047
0.942975
0.940865
0.938718
0.936534
0.934314
0.932056
0.929761
0.927430
0.925062
0.922657
0.920217
0.917739
0.915226
0.912677
0.910091
0.907469
0.904812
0.902119
0.899390
0.896626
0.893827
0.890992
0.888122
0.885217
0.882277
0.879302
0.876292
0.873248
0.870169
0.867056
0.863909
0.860728
0.857512
0.854263
0.850980
0.847664
0.844314
0.840931
0.837514
0.834065
0.830582
0.827067
0.823519
0.819939
0.816326
0.812681
0.809004
0.805295
0.801554
0.797781
0.793977
0.790142
0.786275
0.782378
0.778449
0.774490
0.770501
0.766480
0.762430
0.758349
0.754239
0.750099
0.745929
0.741730
0.737501
0.733243
0.728957
0.724641
0.720297
0.715925
0.711524
0.707095
0.702638
0.698154
0.693642
0.689102
0.684536
0.679942
0.675322
0.670674
0.666001
0.661301
0.656575
0.651823
0.647045
0.642242
0.637413
0.632560
0.627681
0.622777
0.617849
0.612897
0.607920
0.602920
0.597895
0.592847
0.587776
0.582681
0.577563
0.572423
0.567260
0.562074
0.556866
0.551637
0.546385
0.541112
0.535818
0.530502
0.525166
0.519809
0.514431
0.509033
0.503615
0.498177
0.492719
0.487242
0.481746
0.476230
0.470696
0.465143
0.459572
0.453983
0.448376
0.442751
0.437109
0.431449
0.425772
0.420079
0.414369
0.408642
0.402900
0.397141
0.391367
0.385578
0.379773
0.373953
0.368118
0.362269
0.356406
0.350529
0.344637
0.338732
0.332814
0.326883
0.320938
0.314981
0.309012
0.303030
0.297037
0.291031
0.285015
0.278986
0.272947
0.266898
0.260837
0.254767
0.248686
0.242595
0.236495
0.230386
0.224267
0.218140
0.212004
0.205859
0.199707
0.193546
0.187378
0.181203
0.175020
0.168831
0.162634
0.156432
0.150223
0.144008
0.137788
0.131562
0.125331
0.119095
0.112855
0.106609
0.100360
0.094107
0.087850
0.081589
0.075326
0.069059
0.062789
0.056518
0.050243
0.043967
0.037690
0.031410
0.025130
0.018848
0.012566
0.006283
0.000000
-0.006283
-0.012566
-0.018848
-0.025130
-0.031410
-0.037690
-0.043967
-0.050243
-0.056518
-0.062789
-0.069059
-0.075326
-0.081589
-0.087850
-0.094107
-0.100360
-0.106609
-0.112855
-0.119095
-0.125331
-0.131562
-0.137788
-0.144008
-0.150223
-0.156432
-0.162634
-0.168831
-0.175020
-0.181203
-0.187378
-0.193546
-0.199707
-0.205859
-0.212004
-0.218140
-0.224267
-0.230386
-0.236495
-0.242595
-0.248686
-0.254767
-0.260837
-0.266898
-0.272947
-0.278986
-0.285015
-0.291031
-0.297037
-0.303030
-0.309012
-0.314981
-0.320938
-0.326883
-0.332814
-0.338732
-0.344637
-0.350529
-0.356406
-0.362269
-0.368118
-0.373953
-0.379773
-0.385578
-0.391367
-0.397141
-0.402900
-0.408642
-0.414369
-0.420079
-0.425772
-0.431449
-0.437109
-0.442751
-0.448376
-0.453983
-0.459572
-0.465143
-0.470696
-0.476230
-0.481746
-0.487242
-0.492719
-0.498177
-0.503615
-0.509033
-0.514431
-0.519809
-0.525166
-0.530502
-0.535818
-0.541112
-0.546385
-0.551637
-0.556866
-0.562074
-0.567260
-0.572423
-0.577563
-0.582681
-0.587776
-0.592847
-0.597895
-0.602920
-0.607920
-0.612897
-0.617849
-0.622777
-0.627681
-0.632560
-0.637413
-0.642242
-0.647045
-0.651823
-0.656575
-0.661301
-0.666001
-0.670674
-0.675322
-0.679942
-0.684536
-0.689102
-0.693642
-0.698154
-0.702638
-0.707095
-0.711524
-0.715925
-0.720297
-0.724641
-0.728957
-0.733243
-0.737501
-0.741730
-0.745929
-0.750099
-0.754239
-0.758349
-0.762430
-0.766480
-0.770501
-0.774490
-0.778449
-0.782378
-0.786275
-0.790142
-0.793977
-0.797781
-0.801554
-0.805295
-0.809004
-0.812681
-0.816326
-0.819939
-0.823519
-0.827067
-0.830582
-0.834065
-0.837514
-0.840931
-0.844314
-0.847664
-0.850980
-0.854263
-0.857512
-0.860728
-0.863909
-0.867056
-0.870169
-0.873248
-0.876292
-0.879302
-0.882277
-0.885217
-0.888122
-0.890992
-0.893827
-0.896626
-0.899390
-0.902119
-0.904812
-0.907469
-0.910091
-0.912677
-0.915226
-0.917739
-0.920217
-0.922657
-0.925062
-0.927430
-0.929761
-0.932056
-0.934314
-0.936534
-0.938718
-0.940865
-0.942975
-0.945047
-0.947083
-0.949080
-0.951041
-0.952964
-0.954849
-0.956696
-0.958506
-0.960278
-0.962012
-0.963708
-0.965366
-0.966986
-0.968567
-0.970111
-0.971616
-0.973082
-0.974511
-0.975901
-0.977252
-0.978565
-0.979839
-0.981074
-0.982271
-0.983429
-0.984548
-0.985628
-0.986670
-0.987672
-0.988635
-0.989560
-0.990445
-0.991291
-0.992098
-0.992866
-0.993595
-0.994284
-0.994935
-0.995546
-0.996117
-0.996649
-0.997142
-0.997596
-0.998010
-0.998385
-0.998720
-0.999016
-0.999273
-0.999490
-0.999668
-0.999806
-0.999905
-0.999964
-0.999983
-0.999964
-0.999905
-0.999806
-0.999668
-0.999490
-0.999273
-0.999016
-0.998720
-0.998385
-0.998010
-0.997596
-0.997142
-0.996649
-0.996117
-0.995546
-0.994935
-0.994284
-0.993595
-0.992866
-0.992098
-0.991291
-0.990445
-0.989560
-0.988635
-0.987672
-0.986670
-0.985628
-0.984548
-0.983429
-0.982271
-0.981074
-0.979839
-0.978565
-0.977252
-0.975901
-0.974511
-0.973082
-0.971616
-0.970111
-0.968567
-0.966986
-0.965366
-0.963708
-0.962012
-0.960278
-0.958506
-0.956696
-0.954849
-0.952964
-0.951041
-0.949080
-0.947083
-0.945047
-0.942975
-0.940865
-0.938718
-0.936534
-0.934314
-0.932056
-0.929761
-0.927430
-0.925062
-0.922657
-0.920217
-0.917739
-0.915226
-0.912677
-0.910091
-0.907469
-0.904812
-0.902119
-0.899390
-0.896626
-0.893827
-0.890992
-0.888122
-0.885217
-0.882277
-0.879302
-0.876292
-0.873248
-0.870169
-0.867056
-0.863909
-0.860728
-0.857512
-0.854263
-0.850980
-0.847664
-0.844314
-0.840931
-0.837514
-0.834065
-0.830582
-0.827067
-0.823519
-0.819939
-0.816326
-0.812681
-0.809004
-0.805295
-0.801554
-0.797781
-0.793977
-0.790142
-0.786275
-0.782378
-0.778449
-0.774490
-0.770501
-0.766480
-0.762430
-0.758349
-0.754239
-0.750099
-0.745929
-0.741730
-0.737501
-0.733243
-0.728957
-0.724641
-0.720297
-0.715925
-0.711524
-0.707095
-0.702638
-0.698154
-0.693642
-0.689102
-0.684536
-0.679942
-0.675322
-0.670674
-0.666001
-0.661301
-0.656575
-0.651823
-0.647045
-0.642242
-0.637413
-0.632560
-0.627681
-0.622777
-0.617849
-0.612897
-0.607920
-0.602920
-0.597895
-0.592847
-0.587776
-0.582681
-0.577563
-0.572423
-0.567260
-0.562074
-0.556866
-0.551637
-0.546385
-0.541112
-0.535818
-0.530502
-0.525166
-0.519809
-0.514431
-0.509033
-0.503615
-0.498177
-0.492719
-0.487242
-0.481746
-0.476230
-0.470696
-0.465143
-0.459572
-0.453983
-0.448376
-0.442751
-0.437109
-0.431449
-0.425772
-0.420079
-0.414369
-0.408642
-0.402900
-0.397141
-0.391367
-0.385578
-0.379773
-0.373953
-0.368118
-0.362269
-0.356406
-0.350529
-0.344637
-0.338732
-0.332814
-0.326883
-0.320938
-0.314981
-0.309012
-0.303030
-0.297037
-0.291031
-0.285015
-0.278986
-0.272947
-0.266898
-0.260837
-0.254767
-0.248686
-0.242595
-0.236495
-0.230386
-0.224267
-0.218140
-0.212004
-0.205859
-0.199707
-0.193546
-0.187378
-0.181203
-0.175020
-0.168831
-0.162634
-0.156432
-0.150223
-0.144008
-0.137788
-0.131562
-0.125331
-0.119095
-0.112855
-0.106609
-0.100360
-0.094107
-0.087850
-0.081589
-0.075326
-0.069059
-0.062789
-0.056518
-0.050243
-0.043967
-0.037690
-0.031410
-0.025125
-0.018691
-0.010321
0.000000
