9822021116093422929010339863358638368571460006050897383718649683652696844113646463256465180319666140029096787155529428897533383323015679159093484690403354209626844638977632105814599746969402164582644308473597774160688965782337241824801232311247156805632.000000
185446362796346028138873851887742218133888906207748805240639214579124854963094209014396347603534164180281207994159193811345187589411833085668777784571490564850867488874803208499162927426261176442387532877023223203244419583165897405369459939501225803776.000000
584923294938240532639135172166327756214459925758741783265210031226726258765718322294127268256028516078917779011345003941881674694747667678288470929364209523711462235120664323697656024976202856430072797816373078016390709025425212489439738159454748672.000000
729966132388134786220985385360054114380912396115485611596373403578802497739320819634449165976648484516387316902874048900971831792454256929212032035712312082091738908628022236359265105600368371847346915979345599784427388342549215257710933531688960.000000
480048611760135564601993279860490529052419338924517384663752491410862167703915431030881827695016726676023654738332724235562412463798187023718859523849351888186284444788156747982463522077808951168058757232996667691741034524638942236168052277248.000000
192124820026430056991100712812786879430764435449494612707629354540441188494547122869766877260149857492135118835179158373959970874131534882717295581788304362708833004100688911534261413320963303745519481857855842009921257709704344760892784640.000000
50963741832562619741924742411118598494111017411985195014912475179975807891582074621307987765344031995250655407390447550689133056680023998392718990964567880782278689723680109641686950009717170651914140806550635241950097190068571720384512.000000
9467900476802731797027306258681726987824407001289521048879220763467697350689238028360603759413210358457832406136448944534696768756803851093791259300602218290396207469337917624855929698645386803257255013609614989383193112227388325888.000000
1278523967121326996358195872700416313664343645195256343150325588842603935265981370184006034178823316125290950037570232025734988881078942108668783279149059888302852509637909274405386878263825706775010245544009423390826789387370496.000000
128718510478036520724420352453455184212168461692564680129975560163812036867715556424200627835248600380259120336878149890775410454845369081636162198388266042151215499121353888575954753814676023238100232884879232071503206940672.000000
9825267486790624615884509945756826778765974582196718457534822282031231569926764168489037536047808783515764664042937713481226531944192284372019590592081326160665631962463684634347359323659224397483837262841195669909143552.000000
574307563810753946272425495211584205408777468616622271669029339645507801329194584313645934642197427337538724856434728831097942706635557705203181604821682209216651732181970626150292091210973402326187464609840131735552.000000
25806387198996117240529867409138431194852117960556449176943866159700472273726976670323556878514221381642836232253435432314798291684199415151613072948949410371269644577785378982056866232611952663051766723644489728.000000
889457776630431726452423511426946780774078756262637208461021075767088716712588548171059634585053323451378012450246187218223522867241368909594895686169433085976889159602997597319309591108645617160544738869248.000000
23298440656325300279550478036770031870160367718795073048244693292998602039454653684272609075663880793687835801082932965305691283460214953827867315879616495062943095206588103678347348583163752344394399744.000000
455313226523144918096051283716260166953137949692946684171250481889399207905418976026565294466903242683784641132335057498962205998726328869812764790479347194274861058416031650717358889038836381253632.000000
6426532904531446023420630380601662704267500424270202315079146157026619237474314303693632275370314371878464250812830054346210170264538701564462984600834607426644929165478107323884280377017106432.000000
61866377546629717931421165698718972675167282525408056643848370101439132494690890290954394310051050738305831329633751539251223543200493338915952311062014979276209112983770970122739372785664.000000
363379422019438941624853249661663437483951456537323358013200323666520364403399925415787629409566897051451675690243191715697368442384908704035777944852685867201785473936611153325064192.000000
982202111609343224080329852857856205262369095459686149226940832338964012530926543665138449917637617267175019276547554307613604013488727097776599268859987168060712482295576002560.000000
0.125333
0.131564
0.137790
0.144011
0.150225
0.156434
0.162637
0.168833
0.175023
0.181206
0.187381
0.193549
0.199710
0.205862
0.212007
0.218143
0.224271
0.230389
0.236499
0.242599
0.248690
0.254770
0.260841
0.266902
0.272952
0.278991
0.285019
0.291036
0.297041
0.303035
0.309017
0.314986
0.320943
0.326888
0.332819
0.338738
0.344643
0.350534
0.356412
0.362275
0.368124
0.373959
0.379779
0.385584
0.391373
0.397148
0.402906
0.408649
0.414375
0.420085
0.425779
0.431456
0.437115
0.442758
0.448383
0.453990
0.459579
0.465151
0.470704
0.476238
0.481753
0.487250
0.492727
0.498185
0.503623
0.509041
0.514439
0.519817
0.525174
0.530511
0.535826
0.541121
0.546394
0.551645
0.556875
0.562083
0.567268
0.572432
0.577572
0.582690
0.587785
0.592856
0.597904
0.602929
0.607930
0.612906
0.617859
0.622787
0.627691
0.632570
0.637423
0.642252
0.647055
0.651833
0.656585
0.661311
0.666011
0.670685
0.675332
0.679953
0.684546
0.689113
0.693653
0.698165
0.702649
0.707106
0.711535
0.715936
0.720308
0.724652
0.728968
0.733255
0.737512
0.741741
0.745940
0.750110
0.754251
0.758361
0.762442
0.766492
0.770513
0.774502
0.778462
0.782390
0.786288
0.790154
0.793990
0.797794
0.801566
0.805307
0.809016
0.812693
0.816339
0.819951
0.823532
0.827080
0.830595
0.834078
0.837527
0.840944
0.844327
0.847677
0.850994
0.854277
0.857526
0.860741
0.863923
0.867070
0.870183
0.873262
0.876306
0.879316
0.882290
0.885231
0.888136
0.891006
0.893841
0.896640
0.899404
0.902133
0.904826
0.907484
0.910105
0.912691
0.915240
0.917754
0.920231
0.922672
0.925076
0.927444
0.929776
0.932070
0.934328
0.936549
0.938733
0.940880
0.942990
0.945062
0.947097
0.949095
0.951056
0.952978
0.954864
0.956711
0.958521
0.960293
0.962027
0.963723
0.965381
0.967001
0.968582
0.970126
0.971631
0.973098
0.974526
0.975916
0.977267
0.978580
0.979854
0.981090
0.982286
0.983444
0.984563
0.985644
0.986685
0.987687
0.988651
0.989575
0.990461
0.991307
0.992114
0.992882
0.993610
0.994300
0.994950
0.995561
0.996133
0.996665
0.997158
0.997612
0.998026
0.998401
0.998736
0.999032
0.999289
0.999506
0.999683
0.999821
0.999920
0.999979
0.999999
0.999979
0.999920
0.999821
0.999683
0.999506
0.999289
0.999032
0.998736
0.998401
0.998026
0.997612
0.997158
0.996665
0.996133
0.995561
0.994950
0.994300
0.993610
0.992882
0.992114
0.991307
0.990461
0.989575
0.988651
0.987687
0.986685
0.985644
0.984563
0.983444
0.982286
0.981090
0.979854
0.978580
0.977267
0.975916
0.974526
0.973098
0.971631
0.970126
0.968582
0.967001
0.965381
0.963723
0.962027
0.960293
0.958521
0.956711
0.954864
0.952978
0.951056
0.949095
0.947097
0.945062
0.942990
0.940880
0.938733
0.936549
0.934328
0.932070
0.929776
0.927444
0.925076
0.922672
0.920231
0.917754
0.915240
0.912691
0.910105
0.907484
0.904826
0.902133
0.899404
0.896640
0.893841
0.891006
0.888136
0.885231
0.882290
0.879316
0.876306
0.873262
0.870183
0.867070
0.863923
0.860741
0.857526
0.854277
0.850994
0.847677
0.844327
0.840944
0.837527
0.834078
0.830595
0.827080
0.823532
0.819951
0.816339
0.812693
0.809016
0.805307
0.801566
0.797794
0.793990
0.790154
0.786288
0.782390
0.778462
0.774502
0.770513
0.766492
0.762442
0.758361
0.754251
0.750110
0.745940
0.741741
0.737512
0.733255
0.728968
0.724652
0.720308
0.715936
0.711535
0.707106
0.702649
0.698165
0.693653
0.689113
0.684546
0.679953
0.675332
0.670685
0.666011
0.661311
0.656585
0.651833
0.647055
0.642252
0.637423
0.632570
0.627691
0.622787
0.617859
0.612906
0.607930
0.602929
0.597904
0.592856
0.587785
0.582690
0.577572
0.572432
0.567268
0.562083
0.556875
0.551645
0.546394
0.541121
0.535826
0.530511
0.525174
0.519817
0.514439
0.509041
0.503623
0.498185
0.492727
0.487250
0.481753
0.476238
0.470704
0.465151
0.459579
0.453990
0.448383
0.442758
0.437115
0.431456
0.425779
0.420085
0.414375
0.408649
0.402906
0.397148
0.391373
0.385584
0.379779
0.373959
0.368124
0.362275
0.356412
0.350534
0.344643
0.338738
0.332819
0.326888
0.320943
0.314986
0.309017
0.303035
0.297041
0.291036
0.285019
0.278991
0.272952
0.266902
0.260841
0.254770
0.248690
0.242599
0.236499
0.230389
0.224271
0.218143
0.212007
0.205862
0.199710
0.193549
0.187381
0.181206
0.175023
0.168833
0.162637
0.156434
0.150225
0.144011
0.137790
0.131564
0.125333
0.119097
0.112856
0.106611
0.100362
0.094108
0.087851
0.081591
0.075327
0.069060
0.062790
0.056518
0.050244
0.043968
0.037690
0.031411
0.025130
0.018848
0.012566
0.006283
0.000000
-0.006283
-0.012566
-0.018848
-0.025130
-0.031411
-0.037690
-0.043968
-0.050244
-0.056518
-0.062790
-0.069060
-0.075327
-0.081591
-0.087851
-0.094108
-0.100362
-0.106611
-0.112856
-0.119097
-0.125333
-0.131564
-0.137790
-0.144011
-0.150225
-0.156434
-0.162637
-0.168833
-0.175023
-0.181206
-0.187381
-0.193549
-0.199710
-0.205862
-0.212007
-0.218143
-0.224271
-0.230389
-0.236499
-0.242599
-0.248690
-0.254770
-0.260841
-0.266902
-0.272952
-0.278991
-0.285019
-0.291036
-0.297041
-0.303035
-0.309017
-0.314986
-0.320943
-0.326888
-0.332819
-0.338738
-0.344643
-0.350534
-0.356412
-0.362275
-0.368124
-0.373959
-0.379779
-0.385584
-0.391373
-0.397148
-0.402906
-0.408649
-0.414375
-0.420085
-0.425779
-0.431456
-0.437115
-0.442758
-0.448383
-0.453990
-0.459579
-0.465151
-0.470704
-0.476238
-0.481753
-0.487250
-0.492727
-0.498185
-0.503623
-0.509041
-0.514439
-0.519817
-0.525174
-0.530511
-0.535826
-0.541121
-0.546394
-0.551645
-0.556875
-0.562083
-0.567268
-0.572432
-0.577572
-0.582690
-0.587785
-0.592856
-0.597904
-0.602929
-0.607930
-0.612906
-0.617859
-0.622787
-0.627691
-0.632570
-0.637423
-0.642252
-0.647055
-0.651833
-0.656585
-0.661311
-0.666011
-0.670685
-0.675332
-0.679953
-0.684546
-0.689113
-0.693653
-0.698165
-0.702649
-0.707106
-0.711535
-0.715936
-0.720308
-0.724652
-0.728968
-0.733255
-0.737512
-0.741741
-0.745940
-0.750110
-0.754251
-0.758361
-0.762442
-0.766492
-0.770513
-0.774502
-0.778462
-0.782390
-0.786288
-0.790154
-0.793990
-0.797794
-0.801566
-0.805307
-0.809016
-0.812693
-0.816339
-0.819951
-0.823532
-0.827080
-0.830595
-0.834078
-0.837527
-0.840944
-0.844327
-0.847677
-0.850994
-0.854277
-0.857526
-0.860741
-0.863923
-0.867070
-0.870183
-0.873262
-0.876306
-0.879316
-0.882290
-0.885231
-0.888136
-0.891006
-0.893841
-0.896640
-0.899404
-0.902133
-0.904826
-0.907484
-0.910105
-0.912691
-0.915240
-0.917754
-0.920231
-0.922672
-0.925076
-0.927444
-0.929776
-0.932070
-0.934328
-0.936549
-0.938733
-0.940880
-0.942990
-0.945062
-0.947097
-0.949095
-0.951056
-0.952978
-0.954864
-0.956711
-0.958521
-0.960293
-0.962027
-0.963723
-0.965381
-0.967001
-0.968582
-0.970126
-0.971631
-0.973098
-0.974526
-0.975916
-0.977267
-0.978580
-0.979854
-0.981090
-0.982286
-0.983444
-0.984563
-0.985644
-0.986685
-0.987687
-0.988651
-0.989575
-0.990461
-0.991307
-0.992114
-0.992882
-0.993610
-0.994300
-0.994950
-0.995561
-0.996133
-0.996665
-0.997158
-0.997612
-0.998026
-0.998401
-0.998736
-0.999032
-0.999289
-0.999506
-0.999683
-0.999821
-0.999920
-0.999979
-0.999999
-0.999979
-0.999920
-0.999821
-0.999683
-0.999506
-0.999289
-0.999032
-0.998736
-0.998401
-0.998026
-0.997612
-0.997158
-0.996665
-0.996133
-0.995561
-0.994950
-0.994300
-0.993610
-0.992882
-0.992114
-0.991307
-0.990461
-0.989575
-0.988651
-0.987687
-0.986685
-0.985644
-0.984563
-0.983444
-0.982286
-0.981090
-0.979854
-0.978580
-0.977267
-0.975916
-0.974526
-0.973098
-0.971631
-0.970126
-0.968582
-0.967001
-0.965381
-0.963723
-0.962027
-0.960293
-0.958521
-0.956711
-0.954864
-0.952978
-0.951056
-0.949095
-0.947097
-0.945062
-0.942990
-0.940880
-0.938733
-0.936549
-0.934328
-0.932070
-0.929776
-0.927444
-0.925076
-0.922672
-0.920231
-0.917754
-0.915240
-0.912691
-0.910105
-0.907484
-0.904826
-0.902133
-0.899404
-0.896640
-0.893841
-0.891006
-0.888136
-0.885231
-0.882290
-0.879316
-0.876306
-0.873262
-0.870183
-0.867070
-0.863923
-0.860741
-0.857526
-0.854277
-0.850994
-0.847677
-0.844327
-0.840944
-0.837527
-0.834078
-0.830595
-0.827080
-0.823532
-0.819951
-0.816339
-0.812693
-0.809016
-0.805307
-0.801566
-0.797794
-0.793990
-0.790154
-0.786288
-0.782390
-0.778462
-0.774502
-0.770513
-0.766492
-0.762442
-0.758361
-0.754251
-0.750110
-0.745940
-0.741741
-0.737512
-0.733255
-0.728968
-0.724652
-0.720308
-0.715936
-0.711535
-0.707106
-0.702649
-0.698165
-0.693653
-0.689113
-0.684546
-0.679953
-0.675332
-0.670685
-0.666011
-0.661311
-0.656585
-0.651833
-0.647055
-0.642252
-0.637423
-0.632570
-0.627691
-0.622787
-0.617859
-0.612906
-0.607930
-0.602929
-0.597904
-0.592856
-0.587785
-0.582690
-0.577572
-0.572432
-0.567268
-0.562083
-0.556875
-0.551645
-0.546394
-0.541121
-0.535826
-0.530511
-0.525174
-0.519817
-0.514439
-0.509041
-0.503623
-0.498185
-0.492727
-0.487250
-0.481753
-0.476238
-0.470704
-0.465151
-0.459579
-0.453990
-0.448383
-0.442758
-0.437115
-0.431456
-0.425779
-0.420085
-0.414375
-0.408649
-0.402906
-0.397148
-0.391373
-0.385584
-0.379779
-0.373959
-0.368124
-0.362275
-0.356412
-0.350534
-0.344643
-0.338738
-0.332819
-0.326888
-0.320943
-0.314986
-0.309017
-0.303035
-0.297041
-0.291036
-0.285019
-0.278991
-0.272952
-0.266902
-0.260841
-0.254770
-0.248690
-0.242599
-0.236499
-0.230389
-0.224271
-0.218143
-0.212007
-0.205862
-0.199710
-0.193549
-0.187381
-0.181206
-0.175023
-0.168833
-0.162637
-0.156434
-0.150225
-0.144011
-0.137790
-0.131564
-0.125333
-0.119097
-0.112856
-0.106611
-0.100362
-0.094108
-0.087851
-0.081591
-0.075327
-0.069060
-0.062790
-0.056518
-0.050244
-0.043968
-0.037690
-0.031411
-0.025130
-0.018848
-0.012435
0.000000
