9822021116093422929010339863358638368571460006050897383718649683652696844113646463256465180319666140029096787155529428897533383323015679159093484690403354209626844638977632105814599746969402164582644308473597774160688965782337241824801232311247156805632.000000
746479762802332122584344847686019461994829614981536660012175207711865244761682193713046881793257358457293745860541996928813410127290703499548846892614601887686501996863708286818303455698463955801049480928615361786582029583856290459800371639314756403200.000000
9742646236581031016683956054709755563584765736135796709540510393885507267241370373010624965606873043459445562061810419935731063528743352234868793361528400140645578920514905100861620965804904199580288848790802361965608644500060384941193359375747514368.000000
50676204042599058719498193130353639515184372464974857735459402519020366635022039437957972774420709034816185097805111607900796322647871219788860462228319780199603128713155677906747295886517025174376955935079089242631162024474304820038518499830661120.000000
140490371467866789572570955400663114398159416849352718485219687990705508705115379828337455476430144239060999685821085683080195560594669730926633478643195913361490895622318708642159661520820613379773215986835205351621239925359315191492831667552256.000000
240900012250940542718352171190521959423119620777087612719882741960289565706553685985651372029477823688478590030612640909291312482662054591021396184638281324346369310308759068239513063516049186690356575417508934520468711432525263438355015663616.000000
279667491442733156042299407526300523412795789653104070908058225939962761061387179170999743026134611117711424607502721997771515905332286040494878444222827644424670613577575992161193108018419106878349854025176638362796887768324561776360292352.000000
233549682473424363468706601921286831830161612078738121313758933417931252587850820631663636243215990688355807798790716926659345206033244038766362158753840221422444402878466726139995538896598648990301597768193103371525516615851637395685376.000000
146503278253968166180470662836835059508641779121321123146566019272747509330937513257087231862919119792910367237352444012375374413875779113254231694099661289572478972442205887871692247742874469884257662565091045287795290584342803251200.000000
71299081032469339977951121559999163537686265494985595565792393002760107633126806306977285956792787168548912270640242212699901209872671690867323139361805068314123438804279419497837909107157074912985131602805999977692499261685497856.000000
27600424248921439720777354177767522639219717269509936854225840557165018191835430048637090030582978743153199565380504575746947604905719230076935894550940796922935626642112975303368155052812733743991638113283427327044548319772672.000000
8667548072217392860712111679244768631196788301273771258331062030753209367917362008651497429354184178443436398653215895634792872975596569674715740004136780915019144508736205714076498378116009432819206930878573767006256889856.000000
2243395129569094608856038780490881910103819658072634364378489635559047039930869567527710926991685281831307952301752178909898656181723006435112353449210941084113344068454478318777897842764121407794558402676014990879621120.000000
484789011960079218015321386498849967356152560646481149715399182194809805629630166564393569042683285832203415664267403480333045221910309070685854419943622826351169517559047549036877148344457606814360606231779633790976.000000
88399840630156866871295134966079583896998302967152284794986547939747098299957483383688365057919768286500728397865002482809684987016511276447036038227630483178787249618869748746490605784760773772276757420155338752.000000
13722059175376201021606513179470593438941936027388221057138237145508884711195331635465822097628025923942657364720425356206236431783160992758040347947332843394015254120027793920146956296189303417511479420649472.000000
1826500908449748212980363645783967697298589490278699357397859983152909303027439215440668323272413199635799771861909446322503183111660962456720461106232697394063385382134086632144437693464513960992168738816.000000
209733934543284457927076326653301421051439210279002856252753124209357356412947057751633374770617356179259042196396836457717092397696946804908479192401210148678270191565570797454977098735858554956152832.000000
20879056841053005991819271570908231694708404419593681142067741952882279621285408032473447382573665308399798551557079756661932533005911665662663356717877325470310242467099042649103603106752512393216.000000
1809168202117528515689833587027427650177477183485914152303043287678875093063038055726229675320568828329005589129912655081325547757581878843654795054000681260093249832766597723985422977366753280.000000
136878310877061956440609884373358989406811126343418512873468379087123620900669786303374957063155647147414257296854281593396788427046180444111290982769123733986270030476635874632172977520640.000000
9063539704949029617799610992128657198925907132038865557332840995767177803457715671642377985497583896520528810441011455577101232452317006247393380064603913367328843834968178680920014848.000000
526095551545830613129550286242676209847049250726027963362685417752470213477569929227560622748793779266688627362817244003010750852378461874078423307423496061201311695611826244943872.000000
26792625682279910883939590483141112257614537128004141932645676550392755826832409446606154413510166045875025102741595997536160162338859595464664447184807179961533754530718547968.000000
1197326255506559909367630285831414642056094610484901169106319842415680751454881895179476162106849238588797957084372370691441619060571364645421950547524544473232860078145536.000000
46923389522685168580291534946913607734123183133959882202884892827353998347536685027690690993228179774470221367927632737954085919897453656011356560227251022094011465728.000000
1610368775741290192797532394014219102396021890866294900154003917935617837021751889294975686723383997573747324187086012656704634112329951513390358104593058089664512.000000
48284511788443422331047680348684395027853415099804681920386255761818941894490166453100126544568475423108770450357373632875512132738863023332631244040942125056.000000
1260593615834796540685978035651142118146182651261932566536969753078618772885150426492320794399481901343442219811464802067978925094739075040597484322684928.000000
28525492179938116727738929839923955056068751908866994864386503769293992477391821949386674541653178413482209986789949267861989278441655599282257920000.000000
556078223098314692350684864437446402550340041282527367452247413118262595125924002537667333656207074156131034735436594920099593376167925670477824.000000
9264237126421914530912451893383748512458016213843232125230020376591975178351954607236594805474569282722876701933398523947105907137035894784.000000
130523964252222374655286263003271110049857980380007508698684772583121234328688331852072120528234996619182362967915577388785277020930048.000000
1533608412580717113578354575286814837135962397152474106288889691221412642667431731663198314048013430623234639532167558262857662464.000000
14745320371202142438165955563291286728010524366582447308448253986796251869981313212734141329919119287188866603158712122081280.000000
112968309600611383346870439697694624497493036010212770991726988282059029663114911387313833453846653776517390035104825344.000000
663030448410199641228140114157642619302296277787619859205881629038375559774370244840285956706710151412166911066112.000000
2798716387306374004210290946850653321149011507428224668215998416147236426572655104217133366782841131605426176.000000
7562209785787124965610220516958001694744037440262822457812605384041015343869915217548847009453500792832.000000
9822021116093440821356655117067677264675940520969867197839217838868281315635471081785364471349248.000000
0.248689
0.254770
0.260841
0.266901
0.272951
0.278990
0.285018
0.291035
0.297041
0.303034
0.309016
0.314985
0.320943
0.326887
0.332818
0.338737
0.344642
0.350533
0.356411
0.362274
0.368123
0.373958
0.379778
0.385583
0.391372
0.397147
0.402905
0.408648
0.414374
0.420084
0.425778
0.431455
0.437114
0.442757
0.448382
0.453989
0.459578
0.465149
0.470702
0.476237
0.481752
0.487248
0.492726
0.498183
0.503621
0.509040
0.514438
0.519816
0.525173
0.530509
0.535825
0.541119
0.546392
0.551644
0.556874
0.562081
0.567267
0.572430
0.577571
0.582688
0.587783
0.592855
0.597903
0.602927
0.607928
0.612905
0.617858
0.622786
0.627689
0.632568
0.637422
0.642250
0.647054
0.651832
0.656584
0.661310
0.666010
0.670683
0.675331
0.679951
0.684545
0.689111
0.693651
0.698163
0.702648
0.707104
0.711533
0.715934
0.720307
0.724651
0.728966
0.733253
0.737511
0.741739
0.745939
0.750109
0.754249
0.758359
0.762440
0.766490
0.770511
0.774500
0.778460
0.782388
0.786286
0.790152
0.793988
0.797792
0.801564
0.805305
0.809014
0.812691
0.816336
0.819949
0.823530
0.827078
0.830593
0.834076
0.837525
0.840942
0.844325
0.847675
0.850992
0.854275
0.857524
0.860739
0.863920
0.867068
0.870181
0.873259
0.876304
0.879313
0.882288
0.885228
0.888133
0.891003
0.893838
0.896638
0.899402
0.902131
0.904824
0.907481
0.910103
0.912688
0.915238
0.917752
0.920229
0.922670
0.925074
0.927442
0.929773
0.932068
0.934326
0.936547
0.938731
0.940878
0.942987
0.945060
0.947095
0.949093
0.951053
0.952976
0.954861
0.956709
0.958519
0.960290
0.962024
0.963720
0.965378
0.966998
0.968580
0.970123
0.971628
0.973095
0.974524
0.975913
0.977265
0.978578
0.979852
0.981087
0.982284
0.983442
0.984561
0.985641
0.986683
0.987685
0.988648
0.989573
0.990458
0.991304
0.992111
0.992879
0.993608
0.994297
0.994948
0.995559
0.996130
0.996663
0.997156
0.997609
0.998023
0.998398
0.998734
0.999030
0.999286
0.999503
0.999681
0.999819
0.999918
0.999977
0.999997
0.999977
0.999918
0.999819
0.999681
0.999503
0.999286
0.999030
0.998734
0.998398
0.998023
0.997609
0.997156
0.996663
0.996130
0.995559
0.994948
0.994297
0.993608
0.992879
0.992111
0.991304
0.990458
0.989573
0.988648
0.987685
0.986683
0.985641
0.984561
0.983442
0.982284
0.981087
0.979852
0.978578
0.977265
0.975913
0.974524
0.973095
0.971628
0.970123
0.968580
0.966998
0.965378
0.963720
0.962024
0.960290
0.958519
0.956709
0.954861
0.952976
0.951053
0.949093
0.947095
0.945060
0.942987
0.940878
0.938731
0.936547
0.934326
0.932068
0.929773
0.927442
0.925074
0.922670
0.920229
0.917752
0.915238
0.912688
0.910103
0.907481
0.904824
0.902131
0.899402
0.896638
0.893838
0.891003
0.888133
0.885228
0.882288
0.879313
0.876304
0.873259
0.870181
0.867068
0.863920
0.860739
0.857524
0.854275
0.850992
0.847675
0.844325
0.840942
0.837525
0.834076
0.830593
0.827078
0.823530
0.819949
0.816336
0.812691
0.809014
0.805305
0.801564
0.797792
0.793988
0.790152
0.786286
0.782388
0.778460
0.774500
0.770511
0.766490
0.762440
0.758359
0.754249
0.750109
0.745939
0.741739
0.737511
0.733253
0.728966
0.724651
0.720307
0.715934
0.711533
0.707104
0.702648
0.698163
0.693651
0.689111
0.684545
0.679951
0.675331
0.670683
0.666010
0.661310
0.656584
0.651832
0.647054
0.642250
0.637422
0.632568
0.627689
0.622786
0.617858
0.612905
0.607928
0.602927
0.597903
0.592855
0.587783
0.582688
0.577571
0.572430
0.567267
0.562081
0.556874
0.551644
0.546392
0.541119
0.535825
0.530509
0.525173
0.519816
0.514438
0.509040
0.503621
0.498183
0.492726
0.487248
0.481752
0.476237
0.470702
0.465149
0.459578
0.453989
0.448382
0.442757
0.437114
0.431455
0.425778
0.420084
0.414374
0.408648
0.402905
0.397147
0.391372
0.385583
0.379778
0.373958
0.368123
0.362274
0.356411
0.350533
0.344642
0.338737
0.332818
0.326887
0.320943
0.314985
0.309016
0.303034
0.297041
0.291035
0.285018
0.278990
0.272951
0.266901
0.260841
0.254770
0.248689
0.242598
0.236498
0.230389
0.224270
0.218142
0.212006
0.205862
0.199709
0.193549
0.187381
0.181205
0.175022
0.168833
0.162637
0.156434
0.150225
0.144010
0.137790
0.131564
0.125333
0.119097
0.112856
0.106611
0.100361
0.094108
0.087851
0.081590
0.075327
0.069060
0.062790
0.056518
0.050244
0.043968
0.037690
0.031411
0.025130
0.018848
0.012566
0.006283
0.000000
-0.006283
-0.012566
-0.018848
-0.025130
-0.031411
-0.037690
-0.043968
-0.050244
-0.056518
-0.062790
-0.069060
-0.075327
-0.081590
-0.087851
-0.094108
-0.100361
-0.106611
-0.112856
-0.119097
-0.125333
-0.131564
-0.137790
-0.144010
-0.150225
-0.156434
-0.162637
-0.168833
-0.175022
-0.181205
-0.187381
-0.193549
-0.199709
-0.205862
-0.212006
-0.218142
-0.224270
-0.230389
-0.236498
-0.242598
-0.248689
-0.254770
-0.260841
-0.266901
-0.272951
-0.278990
-0.285018
-0.291035
-0.297041
-0.303034
-0.309016
-0.314985
-0.320943
-0.326887
-0.332818
-0.338737
-0.344642
-0.350533
-0.356411
-0.362274
-0.368123
-0.373958
-0.379778
-0.385583
-0.391372
-0.397147
-0.402905
-0.408648
-0.414374
-0.420084
-0.425778
-0.431455
-0.437114
-0.442757
-0.448382
-0.453989
-0.459578
-0.465149
-0.470702
-0.476237
-0.481752
-0.487248
-0.492726
-0.498183
-0.503621
-0.509040
-0.514438
-0.519816
-0.525173
-0.530509
-0.535825
-0.541119
-0.546392
-0.551644
-0.556874
-0.562081
-0.567267
-0.572430
-0.577571
-0.582688
-0.587783
-0.592855
-0.597903
-0.602927
-0.607928
-0.612905
-0.617858
-0.622786
-0.627689
-0.632568
-0.637422
-0.642250
-0.647054
-0.651832
-0.656584
-0.661310
-0.666010
-0.670683
-0.675331
-0.679951
-0.684545
-0.689111
-0.693651
-0.698163
-0.702648
-0.707104
-0.711533
-0.715934
-0.720307
-0.724651
-0.728966
-0.733253
-0.737511
-0.741739
-0.745939
-0.750109
-0.754249
-0.758359
-0.762440
-0.766490
-0.770511
-0.774500
-0.778460
-0.782388
-0.786286
-0.790152
-0.793988
-0.797792
-0.801564
-0.805305
-0.809014
-0.812691
-0.816336
-0.819949
-0.823530
-0.827078
-0.830593
-0.834076
-0.837525
-0.840942
-0.844325
-0.847675
-0.850992
-0.854275
-0.857524
-0.860739
-0.863920
-0.867068
-0.870181
-0.873259
-0.876304
-0.879313
-0.882288
-0.885228
-0.888133
-0.891003
-0.893838
-0.896638
-0.899402
-0.902131
-0.904824
-0.907481
-0.910103
-0.912688
-0.915238
-0.917752
-0.920229
-0.922670
-0.925074
-0.927442
-0.929773
-0.932068
-0.934326
-0.936547
-0.938731
-0.940878
-0.942987
-0.945060
-0.947095
-0.949093
-0.951053
-0.952976
-0.954861
-0.956709
-0.958519
-0.960290
-0.962024
-0.963720
-0.965378
-0.966998
-0.968580
-0.970123
-0.971628
-0.973095
-0.974524
-0.975913
-0.977265
-0.978578
-0.979852
-0.981087
-0.982284
-0.983442
-0.984561
-0.985641
-0.986683
-0.987685
-0.988648
-0.989573
-0.990458
-0.991304
-0.992111
-0.992879
-0.993608
-0.994297
-0.994948
-0.995559
-0.996130
-0.996663
-0.997156
-0.997609
-0.998023
-0.998398
-0.998734
-0.999030
-0.999286
-0.999503
-0.999681
-0.999819
-0.999918
-0.999977
-0.999997
-0.999977
-0.999918
-0.999819
-0.999681
-0.999503
-0.999286
-0.999030
-0.998734
-0.998398
-0.998023
-0.997609
-0.997156
-0.996663
-0.996130
-0.995559
-0.994948
-0.994297
-0.993608
-0.992879
-0.992111
-0.991304
-0.990458
-0.989573
-0.988648
-0.987685
-0.986683
-0.985641
-0.984561
-0.983442
-0.982284
-0.981087
-0.979852
-0.978578
-0.977265
-0.975913
-0.974524
-0.973095
-0.971628
-0.970123
-0.968580
-0.966998
-0.965378
-0.963720
-0.962024
-0.960290
-0.958519
-0.956709
-0.954861
-0.952976
-0.951053
-0.949093
-0.947095
-0.945060
-0.942987
-0.940878
-0.938731
-0.936547
-0.934326
-0.932068
-0.929773
-0.927442
-0.925074
-0.922670
-0.920229
-0.917752
-0.915238
-0.912688
-0.910103
-0.907481
-0.904824
-0.902131
-0.899402
-0.896638
-0.893838
-0.891003
-0.888133
-0.885228
-0.882288
-0.879313
-0.876304
-0.873259
-0.870181
-0.867068
-0.863920
-0.860739
-0.857524
-0.854275
-0.850992
-0.847675
-0.844325
-0.840942
-0.837525
-0.834076
-0.830593
-0.827078
-0.823530
-0.819949
-0.816336
-0.812691
-0.809014
-0.805305
-0.801564
-0.797792
-0.793988
-0.790152
-0.786286
-0.782388
-0.778460
-0.774500
-0.770511
-0.766490
-0.762440
-0.758359
-0.754249
-0.750109
-0.745939
-0.741739
-0.737511
-0.733253
-0.728966
-0.724651
-0.720307
-0.715934
-0.711533
-0.707104
-0.702648
-0.698163
-0.693651
-0.689111
-0.684545
-0.679951
-0.675331
-0.670683
-0.666010
-0.661310
-0.656584
-0.651832
-0.647054
-0.642250
-0.637422
-0.632568
-0.627689
-0.622786
-0.617858
-0.612905
-0.607928
-0.602927
-0.597903
-0.592855
-0.587783
-0.582688
-0.577571
-0.572430
-0.567267
-0.562081
-0.556874
-0.551644
-0.546392
-0.541119
-0.535825
-0.530509
-0.525173
-0.519816
-0.514438
-0.509040
-0.503621
-0.498183
-0.492726
-0.487248
-0.481752
-0.476237
-0.470702
-0.465149
-0.459578
-0.453989
-0.448382
-0.442757
-0.437114
-0.431455
-0.425778
-0.420084
-0.414374
-0.408648
-0.402905
-0.397147
-0.391372
-0.385583
-0.379778
-0.373958
-0.368123
-0.362274
-0.356411
-0.350533
-0.344642
-0.338737
-0.332818
-0.326887
-0.320943
-0.314985
-0.309016
-0.303034
-0.297041
-0.291035
-0.285018
-0.278990
-0.272951
-0.266901
-0.260841
-0.254770
-0.248689
-0.242598
-0.236498
-0.230389
-0.224270
-0.218142
-0.212006
-0.205862
-0.199709
-0.193549
-0.187381
-0.181205
-0.175022
-0.168833
-0.162637
-0.156434
-0.150225
-0.144010
-0.137790
-0.131564
-0.125333
-0.119097
-0.112856
-0.106611
-0.100361
-0.094108
-0.087851
-0.081590
-0.075327
-0.069060
-0.062790
-0.056518
-0.050244
-0.043968
-0.037690
-0.031411
-0.025130
-0.018841
-0.012065
0.000000
