9822021116093422929010339863358638368571460006050897383718649683652696844113646463256465180319666140029096787155529428897533383323015679159093484690403354209626844638977632105814599746969402164582644308473597774160688965782337241824801232311247156805632.000000
421121233467695933637390657149107150859599379579063205098901427006541585550621483609081509634354473587335068198152209687995394679941874644938065614351756824014047706242070940693480201782804297029069859694749153225357176390948924965045698346846007590912.000000
3055086698142028480295459059640934150983551950195171173153861675247609806321195819816630325350670853623249968522488317462381177215861584265556044468265639872427860129237896557249206552844520456643779021439492043423356645647190826229372314994727714816.000000
8819161519932652700668282850758072649872819757567307082079536708967988600852074780861136225863628587533296325636584122602187364616448708151913347280933589290134649224947684700048736701361844411189295665919857937127159229468228830331500433929928704.000000
13534371722028309620964412563364240434977168056225645671951774964177708878588714100726714557723314976717579439539544471461636361202807443507117076171065728965951799664084127570147630867767679248934425052069405251102179637893355648501655950852096.000000
12797715493392811855563044834330037162019138269819152370991460825833938777140346603912454841521835660827118082114976953383510425717249935629320578322469920726749791955058927045751820407057372215868559916651030544606363163021228452686484996096.000000
8151372066749503140713101099713917573956485055419209047672962168696734032385756591198227149968766045453333043477844208041633749773561580644614924009498143016028688345599007605376570472791418292281356294692515118506672977996697995688542208.000000
3711065060525188888751186933422717314266320815195920417866242568873744408288208025325275923846098411396375026737903430247328872045548732554621399338716332848385598363613747266331317326384832798354230271690366459046209978682225444519936.000000
1259394723069054297852334192492706336223827156883091896164858226100732641626701811358195618189436954785948358790246252991680537706904707645898362083500931741065958271617256136129569359776321707411797150616998257569877641765054316544.000000
328587395152131311089946502870254426502281936552108653745716695332708866742546710760460173897673079116246863475105734788248426278261852435526707376324108665933844583487338587070765941617622924123882885731126103521887166180360192.000000
67474193289699264963253475482888882549286796864867166512590309903601057362732494719744520286368161821511950676154099553229546590290529899230523987701696584676688677162521875994043273123248364129201514223603973941104000106496.000000
11103523141102683907124127186499124014143834855343569354493906635129907071432489559274256867102347517502317446398164070859459453277751127974754662084934662779261986567610684298905643946088335029387256867847578291049332736.000000
1484945677659239996900679157356114143915723586231300018044430082998120533180679409294818452934559167557681940846665971986278555840598356049482606941317574112882634127116324459822035734569796116198501193043234951004160.000000
163159652734213940426092597001544273101898481556165292985147012451032314215960958463618555439837593183328512595141909433449583595652525240783700287689151960983134765644385407834382527182618409989307916136673705984.000000
14851985885800678356443665278820271876719091656175884804609959754451831954270009938278045702255162847713260394419496784195892113664302321922093962355551399162779896748346388253464971098449002772527708572221440.000000
1126949063977066097820657405143570976101803791438604470028003636109313035525977130686306291518936905716412573072072263875578185399400880027664071911042530043017654943658886637456229131444951334831897182208.000000
71584650548343674914914136705236715350438148267869442244536335512962050899297167625549312888764993752038655950702788353921840824312831636852758029505452971747087423808771477158274909610401756939812864.000000
3815996692228441918345055140957662203892914700485389616330075600679504385151010713837092849127534983399117962407607253795370378613443456256421107764566875857630467054127881080223711671158728294400.000000
170840320793321672521123129406525677907465492541946346772019096134818605097505032021887381882872439242712084162602414754107976750987039309255256515606333310889808550364902259818583520159203328.000000
6416641086521141107288659045483326773204488672696062467815778497700094484543328434551990154927720673692108031221008266638650512993354904102885636775644661197450588077415622263713013170176.000000
201578234622888613738757281825780972669558761742667280055008852237109708527393309810692773165599536579013110602157258865333276206623616622462595361362894935506730498988116688005758976.000000
5268459315289307185950094236703980184911988519354982903896557510264447482365255680932218469262156525664690913549437812170758864886260182817137694173480868951771093050014245584896.000000
113626593632993867377858251245923454602381643876186497741374733016734122333747052357327568368123778734141192435078909080622314429143491703827048351277685768276817762559459328.000000
1998321922438516016741853479954127457278183680759816233780870992859223138278693298821161150703192858423237535762512559937213179775565570142430391773490296125308975185920.000000
28171199945015235667716893721702003056690152346559138697870599760794546085551739343804516103178879250503295806445225240903177528394474166920487702120490913492893696.000000
310493579677024615033116655027069555448816231388949831280819918786053998837421989277185676171923254248131148119951540484582468092407762453520381434825682190336.000000
2576020772412713474828135182166050321789571422683828035204330935337250469410104350042583662599004672600669504458496908560703340565170291438021400789516288.000000
15122889451845266114908339266984644760637400855484634348467303851327453641737302104240650275691970178936409513258191313292887719149230124912917610496.000000
55980020029907559273068335028809876234534509518330764751826289830218163117706412068649679993657550041778310292618366246286652463403125857845248.000000
98220211160934366373046392852931775944426856934606408977010345007506197638837855057615255370294201528766694406600074380438661306746142720.000000
0.187381
0.193549
0.199710
0.205862
0.212007
0.218143
0.224270
0.230389
0.236499
0.242599
0.248689
0.254770
0.260841
0.266901
0.272951
0.278991
0.285019
0.291036
0.297041
0.303035
0.309016
0.314986
0.320943
0.326887
0.332819
0.338737
0.344642
0.350534
0.356411
0.362275
0.368124
0.373958
0.379778
0.385583
0.391373
0.397147
0.402906
0.408648
0.414375
0.420085
0.425778
0.431455
0.437115
0.442757
0.448382
0.453990
0.459579
0.465150
0.470703
0.476237
0.481753
0.487249
0.492726
0.498184
0.503622
0.509040
0.514439
0.519816
0.525174
0.530510
0.535826
0.541120
0.546393
0.551645
0.556875
0.562082
0.567268
0.572431
0.577572
0.582689
0.587784
0.592856
0.597904
0.602928
0.607929
0.612906
0.617858
0.622787
0.627690
0.632569
0.637423
0.642251
0.647055
0.651832
0.656584
0.661311
0.666011
0.670684
0.675331
0.679952
0.684546
0.689112
0.693652
0.698164
0.702649
0.707105
0.711534
0.715935
0.720308
0.724652
0.728967
0.733254
0.737512
0.741740
0.745940
0.750110
0.754250
0.758360
0.762441
0.766492
0.770512
0.774502
0.778461
0.782389
0.786287
0.790153
0.793989
0.797793
0.801565
0.805306
0.809015
0.812693
0.816338
0.819951
0.823531
0.827079
0.830594
0.834077
0.837526
0.840943
0.844326
0.847676
0.850993
0.854276
0.857525
0.860740
0.863922
0.867069
0.870182
0.873261
0.876305
0.879315
0.882289
0.885230
0.888135
0.891005
0.893840
0.896639
0.899403
0.902132
0.904825
0.907483
0.910104
0.912690
0.915239
0.917753
0.920230
0.922671
0.925075
0.927443
0.929775
0.932069
0.934327
0.936548
0.938732
0.940879
0.942989
0.945061
0.947096
0.949094
0.951055
0.952977
0.954863
0.956710
0.958520
0.960292
0.962026
0.963722
0.965380
0.967000
0.968581
0.970125
0.971630
0.973097
0.974525
0.975915
0.977266
0.978579
0.979853
0.981089
0.982285
0.983443
0.984562
0.985643
0.986684
0.987686
0.988650
0.989574
0.990459
0.991306
0.992113
0.992881
0.993609
0.994299
0.994949
0.995560
0.996132
0.996664
0.997157
0.997611
0.998025
0.998400
0.998735
0.999031
0.999288
0.999505
0.999682
0.999820
0.999919
0.999978
0.999998
0.999978
0.999919
0.999820
0.999682
0.999505
0.999288
0.999031
0.998735
0.998400
0.998025
0.997611
0.997157
0.996664
0.996132
0.995560
0.994949
0.994299
0.993609
0.992881
0.992113
0.991306
0.990459
0.989574
0.988650
0.987686
0.986684
0.985643
0.984562
0.983443
0.982285
0.981089
0.979853
0.978579
0.977266
0.975915
0.974525
0.973097
0.971630
0.970125
0.968581
0.967000
0.965380
0.963722
0.962026
0.960292
0.958520
0.956710
0.954863
0.952977
0.951055
0.949094
0.947096
0.945061
0.942989
0.940879
0.938732
0.936548
0.934327
0.932069
0.929775
0.927443
0.925075
0.922671
0.920230
0.917753
0.915239
0.912690
0.910104
0.907483
0.904825
0.902132
0.899403
0.896639
0.893840
0.891005
0.888135
0.885230
0.882289
0.879315
0.876305
0.873261
0.870182
0.867069
0.863922
0.860740
0.857525
0.854276
0.850993
0.847676
0.844326
0.840943
0.837526
0.834077
0.830594
0.827079
0.823531
0.819951
0.816338
0.812693
0.809015
0.805306
0.801565
0.797793
0.793989
0.790153
0.786287
0.782389
0.778461
0.774502
0.770512
0.766492
0.762441
0.758360
0.754250
0.750110
0.745940
0.741740
0.737512
0.733254
0.728967
0.724652
0.720308
0.715935
0.711534
0.707105
0.702649
0.698164
0.693652
0.689112
0.684546
0.679952
0.675331
0.670684
0.666011
0.661311
0.656584
0.651832
0.647055
0.642251
0.637423
0.632569
0.627690
0.622787
0.617858
0.612906
0.607929
0.602928
0.597904
0.592856
0.587784
0.582689
0.577572
0.572431
0.567268
0.562082
0.556875
0.551645
0.546393
0.541120
0.535826
0.530510
0.525174
0.519816
0.514439
0.509040
0.503622
0.498184
0.492726
0.487249
0.481753
0.476237
0.470703
0.465150
0.459579
0.453990
0.448382
0.442757
0.437115
0.431455
0.425778
0.420085
0.414375
0.408648
0.402906
0.397147
0.391373
0.385583
0.379778
0.373958
0.368124
0.362275
0.356411
0.350534
0.344642
0.338737
0.332819
0.326887
0.320943
0.314986
0.309016
0.303035
0.297041
0.291036
0.285019
0.278991
0.272951
0.266901
0.260841
0.254770
0.248689
0.242599
0.236499
0.230389
0.224270
0.218143
0.212007
0.205862
0.199710
0.193549
0.187381
0.181205
0.175023
0.168833
0.162637
0.156434
0.150225
0.144011
0.137790
0.131564
0.125333
0.119097
0.112856
0.106611
0.100362
0.094108
0.087851
0.081590
0.075327
0.069060
0.062790
0.056518
0.050244
0.043968
0.037690
0.031411
0.025130
0.018848
0.012566
0.006283
0.000000
-0.006283
-0.012566
-0.018848
-0.025130
-0.031411
-0.037690
-0.043968
-0.050244
-0.056518
-0.062790
-0.069060
-0.075327
-0.081590
-0.087851
-0.094108
-0.100362
-0.106611
-0.112856
-0.119097
-0.125333
-0.131564
-0.137790
-0.144011
-0.150225
-0.156434
-0.162637
-0.168833
-0.175023
-0.181205
-0.187381
-0.193549
-0.199710
-0.205862
-0.212007
-0.218143
-0.224270
-0.230389
-0.236499
-0.242599
-0.248689
-0.254770
-0.260841
-0.266901
-0.272951
-0.278991
-0.285019
-0.291036
-0.297041
-0.303035
-0.309016
-0.314986
-0.320943
-0.326887
-0.332819
-0.338737
-0.344642
-0.350534
-0.356411
-0.362275
-0.368124
-0.373958
-0.379778
-0.385583
-0.391373
-0.397147
-0.402906
-0.408648
-0.414375
-0.420085
-0.425778
-0.431455
-0.437115
-0.442757
-0.448382
-0.453990
-0.459579
-0.465150
-0.470703
-0.476237
-0.481753
-0.487249
-0.492726
-0.498184
-0.503622
-0.509040
-0.514439
-0.519816
-0.525174
-0.530510
-0.535826
-0.541120
-0.546393
-0.551645
-0.556875
-0.562082
-0.567268
-0.572431
-0.577572
-0.582689
-0.587784
-0.592856
-0.597904
-0.602928
-0.607929
-0.612906
-0.617858
-0.622787
-0.627690
-0.632569
-0.637423
-0.642251
-0.647055
-0.651832
-0.656584
-0.661311
-0.666011
-0.670684
-0.675331
-0.679952
-0.684546
-0.689112
-0.693652
-0.698164
-0.702649
-0.707105
-0.711534
-0.715935
-0.720308
-0.724652
-0.728967
-0.733254
-0.737512
-0.741740
-0.745940
-0.750110
-0.754250
-0.758360
-0.762441
-0.766492
-0.770512
-0.774502
-0.778461
-0.782389
-0.786287
-0.790153
-0.793989
-0.797793
-0.801565
-0.805306
-0.809015
-0.812693
-0.816338
-0.819951
-0.823531
-0.827079
-0.830594
-0.834077
-0.837526
-0.840943
-0.844326
-0.847676
-0.850993
-0.854276
-0.857525
-0.860740
-0.863922
-0.867069
-0.870182
-0.873261
-0.876305
-0.879315
-0.882289
-0.885230
-0.888135
-0.891005
-0.893840
-0.896639
-0.899403
-0.902132
-0.904825
-0.907483
-0.910104
-0.912690
-0.915239
-0.917753
-0.920230
-0.922671
-0.925075
-0.927443
-0.929775
-0.932069
-0.934327
-0.936548
-0.938732
-0.940879
-0.942989
-0.945061
-0.947096
-0.949094
-0.951055
-0.952977
-0.954863
-0.956710
-0.958520
-0.960292
-0.962026
-0.963722
-0.965380
-0.967000
-0.968581
-0.970125
-0.971630
-0.973097
-0.974525
-0.975915
-0.977266
-0.978579
-0.979853
-0.981089
-0.982285
-0.983443
-0.984562
-0.985643
-0.986684
-0.987686
-0.988650
-0.989574
-0.990459
-0.991306
-0.992113
-0.992881
-0.993609
-0.994299
-0.994949
-0.995560
-0.996132
-0.996664
-0.997157
-0.997611
-0.998025
-0.998400
-0.998735
-0.999031
-0.999288
-0.999505
-0.999682
-0.999820
-0.999919
-0.999978
-0.999998
-0.999978
-0.999919
-0.999820
-0.999682
-0.999505
-0.999288
-0.999031
-0.998735
-0.998400
-0.998025
-0.997611
-0.997157
-0.996664
-0.996132
-0.995560
-0.994949
-0.994299
-0.993609
-0.992881
-0.992113
-0.991306
-0.990459
-0.989574
-0.988650
-0.987686
-0.986684
-0.985643
-0.984562
-0.983443
-0.982285
-0.981089
-0.979853
-0.978579
-0.977266
-0.975915
-0.974525
-0.973097
-0.971630
-0.970125
-0.968581
-0.967000
-0.965380
-0.963722
-0.962026
-0.960292
-0.958520
-0.956710
-0.954863
-0.952977
-0.951055
-0.949094
-0.947096
-0.945061
-0.942989
-0.940879
-0.938732
-0.936548
-0.934327
-0.932069
-0.929775
-0.927443
-0.925075
-0.922671
-0.920230
-0.917753
-0.915239
-0.912690
-0.910104
-0.907483
-0.904825
-0.902132
-0.899403
-0.896639
-0.893840
-0.891005
-0.888135
-0.885230
-0.882289
-0.879315
-0.876305
-0.873261
-0.870182
-0.867069
-0.863922
-0.860740
-0.857525
-0.854276
-0.850993
-0.847676
-0.844326
-0.840943
-0.837526
-0.834077
-0.830594
-0.827079
-0.823531
-0.819951
-0.816338
-0.812693
-0.809015
-0.805306
-0.801565
-0.797793
-0.793989
-0.790153
-0.786287
-0.782389
-0.778461
-0.774502
-0.770512
-0.766492
-0.762441
-0.758360
-0.754250
-0.750110
-0.745940
-0.741740
-0.737512
-0.733254
-0.728967
-0.724652
-0.720308
-0.715935
-0.711534
-0.707105
-0.702649
-0.698164
-0.693652
-0.689112
-0.684546
-0.679952
-0.675331
-0.670684
-0.666011
-0.661311
-0.656584
-0.651832
-0.647055
-0.642251
-0.637423
-0.632569
-0.627690
-0.622787
-0.617858
-0.612906
-0.607929
-0.602928
-0.597904
-0.592856
-0.587784
-0.582689
-0.577572
-0.572431
-0.567268
-0.562082
-0.556875
-0.551645
-0.546393
-0.541120
-0.535826
-0.530510
-0.525174
-0.519816
-0.514439
-0.509040
-0.503622
-0.498184
-0.492726
-0.487249
-0.481753
-0.476237
-0.470703
-0.465150
-0.459579
-0.453990
-0.448382
-0.442757
-0.437115
-0.431455
-0.425778
-0.420085
-0.414375
-0.408648
-0.402906
-0.397147
-0.391373
-0.385583
-0.379778
-0.373958
-0.368124
-0.362275
-0.356411
-0.350534
-0.344642
-0.338737
-0.332819
-0.326887
-0.320943
-0.314986
-0.309016
-0.303035
-0.297041
-0.291036
-0.285019
-0.278991
-0.272951
-0.266901
-0.260841
-0.254770
-0.248689
-0.242599
-0.236499
-0.230389
-0.224270
-0.218143
-0.212007
-0.205862
-0.199710
-0.193549
-0.187381
-0.181205
-0.175023
-0.168833
-0.162637
-0.156434
-0.150225
-0.144011
-0.137790
-0.131564
-0.125333
-0.119097
-0.112856
-0.106611
-0.100362
-0.094108
-0.087851
-0.081590
-0.075327
-0.069060
-0.062790
-0.056518
-0.050244
-0.043968
-0.037690
-0.031411
-0.025130
-0.018846
-0.012278
0.000000
