9822021116093422929010339863358638368571460006050897383718649683652696844113646463256465180319666140029096787155529428897533383323015679159093484690403354209626844638977632105814599746969402164582644308473597774160688965782337241824801232311247156805632.000000
2188640708702622865063037497849461644653274530278705464026240562844745405808222790943479294452821746346100819656858348721340590077055605589376307553661219868785400085077964748706278031053170884642133526722897875790553854316125138210555024894362352877568.000000
89477362815300805993644114372992676283627447377843981314187139102111706665262057417080311673949812287429113349401925250831489215492976056467648081481841336266832858527675474530726705092933031575429093640600548743747595979416939961669963904338504974336.000000
1457241784805568205647569299475188171778160950651561967505343394908482007083169020699741239788014726136622107835752542443906936686288293333999962921179106694983301780985333842806015941191350959132102047610428894529113944848441015156828656340404535296.000000
12649538665852497891422896316293322743783746329096092537557806129127862521872705093934818362962926845179682235093670974480428407666085952825484019462677658269806335294044306910133575547143325200328647931356258602055884202521745052455613800390852608.000000
68039599618154400318675274692297778832823712924948645426061881158334631273409969409848711260768444898944291582825452620160499878390441121103601183185498700688724537461852484626576493272389312760175755885153692149527706440662777302791049585885184.000000
248608782215148577090747093692751388932836012160135602247891992515633900711886761563845001943812877986836822075555436314538924749870614051156035631534437898587607538119797044830580101950353062683437931866248992987739894201333127795019968675840.000000
656475477065459727176436014933707543416888579772118372609609531102123831262759255599589259092324713053899535198389591339487121407510414130352948848076659298723957608325281561592999962365068893252699088488769503580266244759221319655569227776.000000
1309729734971912753166559930032407706940177286255897130320597205962283374660281033740360385861535157207527509128224443602327168769739232890889112303794178713832031111570642026758313998689350368259837739334883280052643022063019575130193920.000000
2041454537774724784339803082691670136764107043874654620867397856810305012738582587708859684553396887570037859583249264666416539136325795443754410135085968998682659174316046813376222846412240609594658210158842395572687907191523712696320.000000
2551600492773083630203283355159724390193151876735735006067295402174881242227153539872118200814739909322342687088632740303934688963347192056568526652894209706381130632225380826258602316843081174429896915215278804338914631047008223232.000000
2611293421027625964810269563526284390874495560111824695272254368306121732218333803730587481995738478483613581710388177427012486981967013909433377006251096209126399596354293661617795113645773166905697252261266783907603615284461568.000000
2225701336520286727901569887566065267532177975845694646680935523620988957887726189418657378864284080036262673255913968122050455038872137451563462017980449070858978429745256932680344959224854888094442699989702171174011406385152.000000
1602490199381786987239020269842213604178831968528107103400599733933410128465686941313075857950121331092278136718263126981831496350539172149502534931046077937141654796927244770942796165216704328520545738550870301238710239232.000000
986335830142110356357083268586307002790906082670244342378282231782756083969829544541962783511958952500542761049113164926375605335839983231198302024980344233191114428728873394873981924859288798276744812926137023479152640.000000
524296361071528093443369836891542636657392587741038701783045502157174829262699453700882280391982572682191071347098157595919204503241762364182522244611169516776007611352501359898289757958400642778602714829738171432960.000000
242806806139815704981639203615714266874032149300012950419385772543549399209281518701531487045504478966584035831171765033724086413127385311842133747006107016489723495139240910580061667199038398393807045928215904256.000000
98715752806225140161564418986767214928387398561603645852548002438773337611197013291984674625083603300254559576974173312912046874465859872550532067007996072682415839696856056806889534342415721970345727886360576.000000
35469064578659239615612063627847758547888129880995224529351861721311913920002978534338643676987394057064744412608036212709601695020964892554652523473340798267145320205294525217975005734449568571778349924352.000000
11329228973438101566113642418095028674208097146265986926290151696195292016495939617335570291063196862901730826074084966314599379064528760679176699429436626607222855894348230285441293457637878631097171968.000000
3233662073033101990942866682018535606627448100927696258410889695226232427875624188754696810807432122305819924722154120583203858025828249206542934247036756657958285140140766371737745924368798975000576.000000
828586647115779343077752860428523167350980650807769212164349589898561343423080835106492888424519593746829502313267645746522208746783037557907295816176079451156471375957274871291262524622903443456.000000
191389867908099110933303392030670330231804268791297934089254266047569499832010960615413100043838789530398867023347063642402583086467256653848536482612541504706977775963825836190540750970159104.000000
39997946411388605658068152862282579375938556710427186895089930757196835983823889990080727588156583127184989382617900296317083987616962217612031611237604573312833462593330662650275113730048.000000
7588021896603801079336668418079161434547148192667247091197272504187249226117915125726544220967992727811296819638077727479109940086664231417509443823027362979429989933521277858672017408.000000
1310628004875626315514903799370610779887612868615422995150286095093693242559255060061014339109926041643603521332781508281855816952441181642309962458257827923220234697430715856846848.000000
206655777313433824257956720650262152083093622935521348728001182417808703481646853307891883848526417470069580036383618878577134044347000934581231812582503696427145909224943386624.000000
29817614521814577862825466735903122256523912916540698899042415806086139524952255081947070191160079551403020948929734732102037253446546534362972701702089335640554342172327936.000000
3945385558123719784555501627342735825462740175453870026826418709718832252391438875897888336282469707112118216426173894747470162220584623466093682387474995754902300393472.000000
479661242220014473043873416632879168630222117334993582884010769957278093550236436542661469546068431907337440481589279327667835885043837441397130269650899813259018240.000000
53673172758196528526657074434160589017723795529825017014081878373565778330517506966563573815799668831518638533954307414380643527746354381252373804792140303171584.000000
5536360601445783896928516382344694043896798255818768933718049063330438004388527417431745478035209114339004349124256046111695837243729394032347448463962669056.000000
527140926619947869173342701793542045787199730021434563591201554768470890704211409231246005289729579805133775510118776721647790442748056800632065914568704.000000
46385654483916478253755051275024451092357352749165377425568429206209499548914033468418400525257257654848974189517182463048813127383469788769458061312.000000
3776130095321880443959114026156653904760114224290698776048802796040087943132584292109806917194989340920335511898635224739853600854258744689688576.000000
284645137354220358137189063899891198176874451520991270175496693497870890756725540311085311241496564533009724691028910369034218177120710950912.000000
19882884994904211964299530085993512787186192275120090591375641456529836284620447522845623350311323998898953435885910607962573710964031488.000000
1287771810033354136479679721076629295402752871555963107102661999170272696608523685525570867016584474399661332658458006062100381696000.000000
77372820986594435434479706768305705204367083032301379121263086816158512319173559798938614550847812418347957980589300354870411264.000000
4313956588699008994913719894743978952891581763019447776622288283940630039928716632664864714850061158656046769948222809964544.000000
223249507003540453737947817576761807639091525832077276719820306783066983486730151517956410068929968515177182515282575360.000000
10724164136085740301230719277567220071843577466993052092890673122690993726737924769467629194424730296950212731600896.000000
478151460242399956400976817907546152170751151117731515638112673532969126958570193972597872917580806380899532800.000000
19783619601811445879284095019047351959039674910680806815841743098021065725209027497149562989158652190916608.000000
759327446273147759592275505203200197053258987746297791268691714737541986399566997678073906811971305472.000000
27021701704766276194709078781113610459455734589401915449631805345116671822052260081730284381274112.000000
890967221995351378883217089012239699193244320392361227139928119099250802309883877962054369280.000000
27195933060694232542763916859337129565235977994293449765776434621245436227965542496993280.000000
767684980849171116212891576528599053444453886872173344926812300739491661403524169728.000000
20014750667081973149796308111547315687325252018326157091566778244761695339675648.000000
481231411418993240861250214219573721855310558319678036931465194513268473856.000000
10651916532867728344339444991706517322468488670385811764412516730404864.000000
216607805992708839442667679283308139709910576970761348345185173504.000000
4036875535842350650549222555387812214713208554050427874705408.000000
68757375932269118171588696871644998133209043272923611136.000000
1066763633804157184989877453236995034714009782714368.000000
15018246700857272401558292474828644944541908992.000000
190986521445918377150001828421360649502720.000000
2182145430136219574018493183258787840.000000
22257137883968324800951535796224.000000
201085479895311305232351232.000000
1593934108314543325184.000000
10953501771627892.000000
64267544913.415482
315520.790698
1.657853
0.402906
0.408645
0.414371
0.420081
0.425775
0.431452
0.437111
0.442754
0.448379
0.453986
0.459575
0.465146
0.470699
0.476233
0.481749
0.487245
0.492722
0.498180
0.503618
0.509036
0.514434
0.519812
0.525169
0.530506
0.535821
0.541116
0.546389
0.551640
0.556870
0.562078
0.567263
0.572426
0.577567
0.582685
0.587779
0.592851
0.597899
0.602923
0.607924
0.612901
0.617853
0.622781
0.627685
0.632564
0.637418
0.642246
0.647049
0.651827
0.656579
0.661305
0.666005
0.670679
0.675326
0.679947
0.684540
0.689107
0.693646
0.698158
0.702643
0.707100
0.711528
0.715929
0.720302
0.724646
0.728961
0.733248
0.737506
0.741734
0.745934
0.750104
0.754244
0.758354
0.762435
0.766485
0.770505
0.774495
0.778454
0.782383
0.786280
0.790147
0.793982
0.797786
0.801559
0.805300
0.809009
0.812686
0.816331
0.819944
0.823524
0.827072
0.830588
0.834070
0.837520
0.840936
0.844319
0.847669
0.850986
0.854269
0.857518
0.860733
0.863915
0.867062
0.870175
0.873254
0.876298
0.879307
0.882282
0.885222
0.888127
0.890998
0.893832
0.896632
0.899396
0.902125
0.904818
0.907475
0.910097
0.912682
0.915232
0.917745
0.920223
0.922663
0.925068
0.927436
0.929767
0.932062
0.934320
0.936540
0.938724
0.940871
0.942981
0.945054
0.947089
0.949087
0.951047
0.952970
0.954855
0.956702
0.958512
0.960284
0.962018
0.963714
0.965372
0.966992
0.968573
0.970117
0.971622
0.973089
0.974517
0.975907
0.977258
0.978571
0.979845
0.981081
0.982277
0.983435
0.984554
0.985635
0.986676
0.987678
0.988642
0.989566
0.990451
0.991298
0.992105
0.992873
0.993601
0.994291
0.994941
0.995552
0.996124
0.996656
0.997149
0.997602
0.998017
0.998391
0.998727
0.999023
0.999279
0.999496
0.999674
0.999812
0.999911
0.999970
0.999990
0.999970
0.999911
0.999812
0.999674
0.999496
0.999279
0.999023
0.998727
0.998391
0.998017
0.997602
0.997149
0.996656
0.996124
0.995552
0.994941
0.994291
0.993601
0.992873
0.992105
0.991298
0.990451
0.989566
0.988642
0.987678
0.986676
0.985635
0.984554
0.983435
0.982277
0.981081
0.979845
0.978571
0.977258
0.975907
0.974517
0.973089
0.971622
0.970117
0.968573
0.966992
0.965372
0.963714
0.962018
0.960284
0.958512
0.956702
0.954855
0.952970
0.951047
0.949087
0.947089
0.945054
0.942981
0.940871
0.938724
0.936540
0.934320
0.932062
0.929767
0.927436
0.925068
0.922663
0.920223
0.917745
0.915232
0.912682
0.910097
0.907475
0.904818
0.902125
0.899396
0.896632
0.893832
0.890998
0.888127
0.885222
0.882282
0.879307
0.876298
0.873254
0.870175
0.867062
0.863915
0.860733
0.857518
0.854269
0.850986
0.847669
0.844319
0.840936
0.837520
0.834070
0.830588
0.827072
0.823524
0.819944
0.816331
0.812686
0.809009
0.805300
0.801559
0.797786
0.793982
0.790147
0.786280
0.782383
0.778454
0.774495
0.770505
0.766485
0.762435
0.758354
0.754244
0.750104
0.745934
0.741734
0.737506
0.733248
0.728961
0.724646
0.720302
0.715929
0.711528
0.707100
0.702643
0.698158
0.693646
0.689107
0.684540
0.679947
0.675326
0.670679
0.666005
0.661305
0.656579
0.651827
0.647049
0.642246
0.637418
0.632564
0.627685
0.622781
0.617853
0.612901
0.607924
0.602923
0.597899
0.592851
0.587779
0.582685
0.577567
0.572426
0.567263
0.562078
0.556870
0.551640
0.546389
0.541116
0.535821
0.530506
0.525169
0.519812
0.514434
0.509036
0.503618
0.498180
0.492722
0.487245
0.481749
0.476233
0.470699
0.465146
0.459575
0.453986
0.448379
0.442754
0.437111
0.431452
0.425775
0.420081
0.414371
0.408645
0.402902
0.397144
0.391370
0.385580
0.379775
0.373955
0.368121
0.362272
0.356408
0.350531
0.344639
0.338735
0.332816
0.326885
0.320940
0.314983
0.309014
0.303032
0.297039
0.291033
0.285016
0.278988
0.272949
0.266899
0.260839
0.254768
0.248687
0.242597
0.236497
0.230387
0.224268
0.218141
0.212005
0.205861
0.199708
0.193548
0.187379
0.181204
0.175021
0.168832
0.162636
0.156433
0.150224
0.144009
0.137789
0.131563
0.125332
0.119096
0.112855
0.106610
0.100361
0.094107
0.087850
0.081590
0.075326
0.069059
0.062790
0.056518
0.050244
0.043968
0.037690
0.031410
0.025130
0.018848
0.012566
0.006283
0.000000
-0.006283
-0.012566
-0.018848
-0.025130
-0.031410
-0.037690
-0.043968
-0.050244
-0.056518
-0.062790
-0.069059
-0.075326
-0.081590
-0.087850
-0.094107
-0.100361
-0.106610
-0.112855
-0.119096
-0.125332
-0.131563
-0.137789
-0.144009
-0.150224
-0.156433
-0.162636
-0.168832
-0.175021
-0.181204
-0.187379
-0.193548
-0.199708
-0.205861
-0.212005
-0.218141
-0.224268
-0.230387
-0.236497
-0.242597
-0.248687
-0.254768
-0.260839
-0.266899
-0.272949
-0.278988
-0.285016
-0.291033
-0.297039
-0.303032
-0.309014
-0.314983
-0.320940
-0.326885
-0.332816
-0.338735
-0.344639
-0.350531
-0.356408
-0.362272
-0.368121
-0.373955
-0.379775
-0.385580
-0.391370
-0.397144
-0.402902
-0.408645
-0.414371
-0.420081
-0.425775
-0.431452
-0.437111
-0.442754
-0.448379
-0.453986
-0.459575
-0.465146
-0.470699
-0.476233
-0.481749
-0.487245
-0.492722
-0.498180
-0.503618
-0.509036
-0.514434
-0.519812
-0.525169
-0.530506
-0.535821
-0.541116
-0.546389
-0.551640
-0.556870
-0.562078
-0.567263
-0.572426
-0.577567
-0.582685
-0.587779
-0.592851
-0.597899
-0.602923
-0.607924
-0.612901
-0.617853
-0.622781
-0.627685
-0.632564
-0.637418
-0.642246
-0.647049
-0.651827
-0.656579
-0.661305
-0.666005
-0.670679
-0.675326
-0.679947
-0.684540
-0.689107
-0.693646
-0.698158
-0.702643
-0.707100
-0.711528
-0.715929
-0.720302
-0.724646
-0.728961
-0.733248
-0.737506
-0.741734
-0.745934
-0.750104
-0.754244
-0.758354
-0.762435
-0.766485
-0.770505
-0.774495
-0.778454
-0.782383
-0.786280
-0.790147
-0.793982
-0.797786
-0.801559
-0.805300
-0.809009
-0.812686
-0.816331
-0.819944
-0.823524
-0.827072
-0.830588
-0.834070
-0.837520
-0.840936
-0.844319
-0.847669
-0.850986
-0.854269
-0.857518
-0.860733
-0.863915
-0.867062
-0.870175
-0.873254
-0.876298
-0.879307
-0.882282
-0.885222
-0.888127
-0.890998
-0.893832
-0.896632
-0.899396
-0.902125
-0.904818
-0.907475
-0.910097
-0.912682
-0.915232
-0.917745
-0.920223
-0.922663
-0.925068
-0.927436
-0.929767
-0.932062
-0.934320
-0.936540
-0.938724
-0.940871
-0.942981
-0.945054
-0.947089
-0.949087
-0.951047
-0.952970
-0.954855
-0.956702
-0.958512
-0.960284
-0.962018
-0.963714
-0.965372
-0.966992
-0.968573
-0.970117
-0.971622
-0.973089
-0.974517
-0.975907
-0.977258
-0.978571
-0.979845
-0.981081
-0.982277
-0.983435
-0.984554
-0.985635
-0.986676
-0.987678
-0.988642
-0.989566
-0.990451
-0.991298
-0.992105
-0.992873
-0.993601
-0.994291
-0.994941
-0.995552
-0.996124
-0.996656
-0.997149
-0.997602
-0.998017
-0.998391
-0.998727
-0.999023
-0.999279
-0.999496
-0.999674
-0.999812
-0.999911
-0.999970
-0.999990
-0.999970
-0.999911
-0.999812
-0.999674
-0.999496
-0.999279
-0.999023
-0.998727
-0.998391
-0.998017
-0.997602
-0.997149
-0.996656
-0.996124
-0.995552
-0.994941
-0.994291
-0.993601
-0.992873
-0.992105
-0.991298
-0.990451
-0.989566
-0.988642
-0.987678
-0.986676
-0.985635
-0.984554
-0.983435
-0.982277
-0.981081
-0.979845
-0.978571
-0.977258
-0.975907
-0.974517
-0.973089
-0.971622
-0.970117
-0.968573
-0.966992
-0.965372
-0.963714
-0.962018
-0.960284
-0.958512
-0.956702
-0.954855
-0.952970
-0.951047
-0.949087
-0.947089
-0.945054
-0.942981
-0.940871
-0.938724
-0.936540
-0.934320
-0.932062
-0.929767
-0.927436
-0.925068
-0.922663
-0.920223
-0.917745
-0.915232
-0.912682
-0.910097
-0.907475
-0.904818
-0.902125
-0.899396
-0.896632
-0.893832
-0.890998
-0.888127
-0.885222
-0.882282
-0.879307
-0.876298
-0.873254
-0.870175
-0.867062
-0.863915
-0.860733
-0.857518
-0.854269
-0.850986
-0.847669
-0.844319
-0.840936
-0.837520
-0.834070
-0.830588
-0.827072
-0.823524
-0.819944
-0.816331
-0.812686
-0.809009
-0.805300
-0.801559
-0.797786
-0.793982
-0.790147
-0.786280
-0.782383
-0.778454
-0.774495
-0.770505
-0.766485
-0.762435
-0.758354
-0.754244
-0.750104
-0.745934
-0.741734
-0.737506
-0.733248
-0.728961
-0.724646
-0.720302
-0.715929
-0.711528
-0.707100
-0.702643
-0.698158
-0.693646
-0.689107
-0.684540
-0.679947
-0.675326
-0.670679
-0.666005
-0.661305
-0.656579
-0.651827
-0.647049
-0.642246
-0.637418
-0.632564
-0.627685
-0.622781
-0.617853
-0.612901
-0.607924
-0.602923
-0.597899
-0.592851
-0.587779
-0.582685
-0.577567
-0.572426
-0.567263
-0.562078
-0.556870
-0.551640
-0.546389
-0.541116
-0.535821
-0.530506
-0.525169
-0.519812
-0.514434
-0.509036
-0.503618
-0.498180
-0.492722
-0.487245
-0.481749
-0.476233
-0.470699
-0.465146
-0.459575
-0.453986
-0.448379
-0.442754
-0.437111
-0.431452
-0.425775
-0.420081
-0.414371
-0.408645
-0.402902
-0.397144
-0.391370
-0.385580
-0.379775
-0.373955
-0.368121
-0.362272
-0.356408
-0.350531
-0.344639
-0.338735
-0.332816
-0.326885
-0.320940
-0.314983
-0.309014
-0.303032
-0.297039
-0.291033
-0.285016
-0.278988
-0.272949
-0.266899
-0.260839
-0.254768
-0.248687
-0.242597
-0.236497
-0.230387
-0.224268
-0.218141
-0.212005
-0.205861
-0.199708
-0.193548
-0.187379
-0.181204
-0.175021
-0.168832
-0.162636
-0.156433
-0.150224
-0.144009
-0.137789
-0.131563
-0.125332
-0.119096
-0.112855
-0.106610
-0.100361
-0.094107
-0.087850
-0.081590
-0.075326
-0.069059
-0.062790
-0.056518
-0.050244
-0.043968
-0.037690
-0.031410
-0.025129
-0.018788
-0.011129
0.000000
