0.000000
-0.006283
-0.012566
-0.018848
-0.025130
-0.031410
-0.037690
-0.043967
-0.050243
-0.056518
-0.062789
-0.069059
-0.075326
-0.081589
-0.087850
-0.094107
-0.100360
-0.106609
-0.112855
-0.119095
-0.125331
-0.131562
-0.137788
-0.144008
-0.150223
-0.156432
-0.162634
-0.168831
-0.175020
-0.181203
-0.187378
-0.193546
-0.199707
-0.205859
-0.212004
-0.218140
-0.224267
-0.230386
-0.236495
-0.242595
-0.248686
-0.254767
-0.260837
-0.266898
-0.272947
-0.278986
-0.285015
-0.291031
-0.297037
-0.303030
-0.309012
-0.314981
-0.320938
-0.326883
-0.332814
-0.338732
-0.344637
-0.350529
-0.356406
-0.362269
-0.368118
-0.373953
-0.379773
-0.385578
-0.391367
-0.397141
-0.402900
-0.408642
-0.414369
-0.420079
-0.425772
-0.431449
-0.437109
-0.442751
-0.448376
-0.453983
-0.459572
-0.465143
-0.470696
-0.476230
-0.481746
-0.487242
-0.492719
-0.498177
-0.503615
-0.509033
-0.514431
-0.519809
-0.525166
-0.530502
-0.535818
-0.541112
-0.546385
-0.551637
-0.556866
-0.562074
-0.567260
-0.572423
-0.577563
-0.582681
-0.587776
-0.592847
-0.597895
-0.602920
-0.607920
-0.612897
-0.617849
-0.622777
-0.627681
-0.632560
-0.637413
-0.642242
-0.647045
-0.651823
-0.656575
-0.661301
-0.666001
-0.670674
-0.675322
-0.679942
-0.684536
-0.689102
-0.693642
-0.698154
-0.702638
-0.707095
-0.711524
-0.715925
-0.720297
-0.724641
-0.728957
-0.733243
-0.737501
-0.741730
-0.745929
-0.750099
-0.754239
-0.758349
-0.762430
-0.766480
-0.770501
-0.774490
-0.778449
-0.782378
-0.786275
-0.790142
-0.793977
-0.797781
-0.801554
-0.805295
-0.809004
-0.812681
-0.816326
-0.819939
-0.823519
-0.827067
-0.830582
-0.834065
-0.837514
-0.840931
-0.844314
-0.847664
-0.850980
-0.854263
-0.857512
-0.860728
-0.863909
-0.867056
-0.870169
-0.873248
-0.876292
-0.879302
-0.882277
-0.885217
-0.888122
-0.890992
-0.893827
-0.896626
-0.899390
-0.902119
-0.904812
-0.907469
-0.910091
-0.912677
-0.915226
-0.917739
-0.920217
-0.922657
-0.925062
-0.927430
-0.929761
-0.932056
-0.934314
-0.936534
-0.938718
-0.940865
-0.942975
-0.945047
-0.947083
-0.949080
-0.951041
-0.952964
-0.954849
-0.956696
-0.958506
-0.960278
-0.962012
-0.963708
-0.965366
-0.966986
-0.968567
-0.970111
-0.971616
-0.973082
-0.974511
-0.975901
-0.977252
-0.978565
-0.979839
-0.981074
-0.982271
-0.983429
-0.984548
-0.985628
-0.986670
-0.987672
-0.988635
-0.989560
-0.990445
-0.991291
-0.992098
-0.992866
-0.993595
-0.994284
-0.994935
-0.995546
-0.996117
-0.996649
-0.997142
-0.997596
-0.998010
-0.998385
-0.998720
-0.999016
-0.999273
-0.999490
-0.999668
-0.999806
-0.999905
-0.999964
-0.999983
-0.999964
-0.999905
-0.999806
-0.999668
-0.999490
-0.999273
-0.999016
-0.998720
-0.998385
-0.998010
-0.997596
-0.997142
-0.996649
-0.996117
-0.995546
-0.994935
-0.994284
-0.993595
-0.992866
-0.992098
-0.991291
-0.990445
-0.989560
-0.988635
-0.987672
-0.986670
-0.985628
-0.984548
-0.983429
-0.982271
-0.981074
-0.979839
-0.978565
-0.977252
-0.975901
-0.974511
-0.973082
-0.971616
-0.970111
-0.968567
-0.966986
-0.965366
-0.963708
-0.962012
-0.960278
-0.958506
-0.956696
-0.954849
-0.952964
-0.951041
-0.949080
-0.947083
-0.945047
-0.942975
-0.940865
-0.938718
-0.936534
-0.934314
-0.932056
-0.929761
-0.927430
-0.925062
-0.922657
-0.920217
-0.917739
-0.915226
-0.912677
-0.910091
-0.907469
-0.904812
-0.902119
-0.899390
-0.896626
-0.893827
-0.890992
-0.888122
-0.885217
-0.882277
-0.879302
-0.876292
-0.873248
-0.870169
-0.867056
-0.863909
-0.860728
-0.857512
-0.854263
-0.850980
-0.847664
-0.844314
-0.840931
-0.837514
-0.834065
-0.830582
-0.827067
-0.823519
-0.819939
-0.816326
-0.812681
-0.809004
-0.805295
-0.801554
-0.797781
-0.793977
-0.790142
-0.786275
-0.782378
-0.778449
-0.774490
-0.770501
-0.766480
-0.762430
-0.758349
-0.754239
-0.750099
-0.745929
-0.741730
-0.737501
-0.733243
-0.728957
-0.724641
-0.720297
-0.715925
-0.711524
-0.707095
-0.702638
-0.698154
-0.693642
-0.689102
-0.684536
-0.679942
-0.675322
-0.670674
-0.666001
-0.661301
-0.656575
-0.651823
-0.647045
-0.642242
-0.637413
-0.632560
-0.627681
-0.622777
-0.617849
-0.612897
-0.607920
-0.602920
-0.597895
-0.592847
-0.587776
-0.582681
-0.577563
-0.572423
-0.567260
-0.562074
-0.556866
-0.551637
-0.546385
-0.541112
-0.535818
-0.530502
-0.525166
-0.519809
-0.514431
-0.509033
-0.503615
-0.498177
-0.492719
-0.487242
-0.481746
-0.476230
-0.470696
-0.465143
-0.459572
-0.453983
-0.448376
-0.442751
-0.437109
-0.431449
-0.425772
-0.420079
-0.414369
-0.408642
-0.402900
-0.397141
-0.391367
-0.385578
-0.379773
-0.373953
-0.368118
-0.362269
-0.356406
-0.350529
-0.344637
-0.338732
-0.332814
-0.326883
-0.320938
-0.314981
-0.309012
-0.303030
-0.297037
-0.291031
-0.285015
-0.278986
-0.272947
-0.266898
-0.260837
-0.254767
-0.248686
-0.242595
-0.236495
-0.230386
-0.224267
-0.218140
-0.212004
-0.205859
-0.199707
-0.193546
-0.187378
-0.181203
-0.175020
-0.168831
-0.162634
-0.156432
-0.150223
-0.144008
-0.137788
-0.131562
-0.125331
-0.119095
-0.112855
-0.106609
-0.100360
-0.094107
-0.087850
-0.081589
-0.075326
-0.069059
-0.062789
-0.056518
-0.050243
-0.043967
-0.037690
-0.031410
-0.025130
-0.018848
-0.012566
-0.006283
