-0.000000
0.006283
0.012566
0.018848
0.025130
0.031411
0.037690
0.043968
0.050244
0.056518
0.062790
0.069060
0.075327
0.081591
0.087851
0.094108
0.100362
0.106611
0.112856
0.119097
0.125333
0.131564
0.137790
0.144011
0.150225
0.156434
0.162637
0.168833
0.175023
0.181206
0.187381
0.193549
0.199710
0.205862
0.212007
0.218143
0.224271
0.230389
0.236499
0.242599
0.248690
0.254770
0.260841
0.266902
0.272952
0.278991
0.285019
0.291036
0.297041
0.303035
0.309017
0.314986
0.320943
0.326888
0.332819
0.338738
0.344643
0.350534
0.356412
0.362275
0.368124
0.373959
0.379779
0.385584
0.391373
0.397148
0.402906
0.408649
0.414375
0.420085
0.425779
0.431456
0.437115
0.442758
0.448383
0.453990
0.459579
0.465151
0.470704
0.476238
0.481753
0.487250
0.492727
0.498185
0.503623
0.509041
0.514439
0.519817
0.525174
0.530511
0.535826
0.541121
0.546394
0.551645
0.556875
0.562083
0.567268
0.572432
0.577572
0.582690
0.587785
0.592856
0.597904
0.602929
0.607930
0.612906
0.617859
0.622787
0.627691
0.632570
0.637423
0.642252
0.647055
0.651833
0.656585
0.661311
0.666011
0.670685
0.675332
0.679953
0.684546
0.689113
0.693653
0.698165
0.702649
0.707106
0.711535
0.715936
0.720308
0.724652
0.728968
0.733255
0.737512
0.741741
0.745940
0.750110
0.754251
0.758361
0.762442
0.766492
0.770513
0.774502
0.778462
0.782390
0.786288
0.790154
0.793990
0.797794
0.801566
0.805307
0.809016
0.812693
0.816339
0.819951
0.823532
0.827080
0.830595
0.834078
0.837527
0.840944
0.844327
0.847677
0.850994
0.854277
0.857526
0.860741
0.863923
0.867070
0.870183
0.873262
0.876306
0.879316
0.882290
0.885231
0.888136
0.891006
0.893841
0.896640
0.899404
0.902133
0.904826
0.907484
0.910105
0.912691
0.915240
0.917754
0.920231
0.922672
0.925076
0.927444
0.929776
0.932070
0.934328
0.936549
0.938733
0.940880
0.942990
0.945062
0.947097
0.949095
0.951056
0.952978
0.954864
0.956711
0.958521
0.960293
0.962027
0.963723
0.965381
0.967001
0.968582
0.970126
0.971631
0.973098
0.974526
0.975916
0.977267
0.978580
0.979854
0.981090
0.982286
0.983444
0.984563
0.985644
0.986685
0.987687
0.988651
0.989575
0.990461
0.991307
0.992114
0.992882
0.993610
0.994300
0.994950
0.995561
0.996133
0.996665
0.997158
0.997612
0.998026
0.998401
0.998736
0.999032
0.999289
0.999506
0.999683
0.999821
0.999920
0.999979
0.999999
0.999979
0.999920
0.999821
0.999683
0.999506
0.999289
0.999032
0.998736
0.998401
0.998026
0.997612
0.997158
0.996665
0.996133
0.995561
0.994950
0.994300
0.993610
0.992882
0.992114
0.991307
0.990461
0.989575
0.988651
0.987687
0.986685
0.985644
0.984563
0.983444
0.982286
0.981090
0.979854
0.978580
0.977267
0.975916
0.974526
0.973098
0.971631
0.970126
0.968582
0.967001
0.965381
0.963723
0.962027
0.960293
0.958521
0.956711
0.954864
0.952978
0.951056
0.949095
0.947097
0.945062
0.942990
0.940880
0.938733
0.936549
0.934328
0.932070
0.929776
0.927444
0.925076
0.922672
0.920231
0.917754
0.915240
0.912691
0.910105
0.907484
0.904826
0.902133
0.899404
0.896640
0.893841
0.891006
0.888136
0.885231
0.882290
0.879316
0.876306
0.873262
0.870183
0.867070
0.863923
0.860741
0.857526
0.854277
0.850994
0.847677
0.844327
0.840944
0.837527
0.834078
0.830595
0.827080
0.823532
0.819951
0.816339
0.812693
0.809016
0.805307
0.801566
0.797794
0.793990
0.790154
0.786288
0.782390
0.778462
0.774502
0.770513
0.766492
0.762442
0.758361
0.754251
0.750110
0.745940
0.741741
0.737512
0.733255
0.728968
0.724652
0.720308
0.715936
0.711535
0.707106
0.702649
0.698165
0.693653
0.689113
0.684546
0.679953
0.675332
0.670685
0.666011
0.661311
0.656585
0.651833
0.647055
0.642252
0.637423
0.632570
0.627691
0.622787
0.617859
0.612906
0.607930
0.602929
0.597904
0.592856
0.587785
0.582690
0.577572
0.572432
0.567268
0.562083
0.556875
0.551645
0.546394
0.541121
0.535826
0.530511
0.525174
0.519817
0.514439
0.509041
0.503623
0.498185
0.492727
0.487250
0.481753
0.476238
0.470704
0.465151
0.459579
0.453990
0.448383
0.442758
0.437115
0.431456
0.425779
0.420085
0.414375
0.408649
0.402906
0.397148
0.391373
0.385584
0.379779
0.373959
0.368124
0.362275
0.356412
0.350534
0.344643
0.338738
0.332819
0.326888
0.320943
0.314986
0.309017
0.303035
0.297041
0.291036
0.285019
0.278991
0.272952
0.266902
0.260841
0.254770
0.248690
0.242599
0.236499
0.230389
0.224271
0.218143
0.212007
0.205862
0.199710
0.193549
0.187381
0.181206
0.175023
0.168833
0.162637
0.156434
0.150225
0.144011
0.137790
0.131564
0.125333
0.119097
0.112856
0.106611
0.100362
0.094108
0.087851
0.081591
0.075327
0.069060
0.062790
0.056518
0.050244
0.043968
0.037690
0.031411
0.025130
0.018848
0.012566
0.006283
