-0.000000
0.006283
0.012566
0.018848
0.025130
0.031411
0.037690
0.043968
0.050244
0.056518
0.062790
0.069060
0.075327
0.081590
0.087851
0.094108
0.100362
0.106611
0.112856
0.119097
0.125333
0.131564
0.137790
0.144011
0.150225
0.156434
0.162637
0.168833
0.175023
0.181205
0.187381
0.193549
0.199710
0.205862
0.212007
0.218143
0.224270
0.230389
0.236499
0.242599
0.248689
0.254770
0.260841
0.266901
0.272951
0.278991
0.285019
0.291036
0.297041
0.303035
0.309016
0.314986
0.320943
0.326887
0.332819
0.338737
0.344642
0.350534
0.356411
0.362275
0.368124
0.373958
0.379778
0.385583
0.391373
0.397147
0.402906
0.408648
0.414375
0.420085
0.425778
0.431455
0.437115
0.442757
0.448382
0.453990
0.459579
0.465150
0.470703
0.476237
0.481753
0.487249
0.492726
0.498184
0.503622
0.509040
0.514439
0.519816
0.525174
0.530510
0.535826
0.541120
0.546393
0.551645
0.556875
0.562082
0.567268
0.572431
0.577572
0.582689
0.587784
0.592856
0.597904
0.602928
0.607929
0.612906
0.617858
0.622787
0.627690
0.632569
0.637423
0.642251
0.647055
0.651832
0.656584
0.661311
0.666011
0.670684
0.675331
0.679952
0.684546
0.689112
0.693652
0.698164
0.702649
0.707105
0.711534
0.715935
0.720308
0.724652
0.728967
0.733254
0.737512
0.741740
0.745940
0.750110
0.754250
0.758360
0.762441
0.766492
0.770512
0.774502
0.778461
0.782389
0.786287
0.790153
0.793989
0.797793
0.801565
0.805306
0.809015
0.812693
0.816338
0.819951
0.823531
0.827079
0.830594
0.834077
0.837526
0.840943
0.844326
0.847676
0.850993
0.854276
0.857525
0.860740
0.863922
0.867069
0.870182
0.873261
0.876305
0.879315
0.882289
0.885230
0.888135
0.891005
0.893840
0.896639
0.899403
0.902132
0.904825
0.907483
0.910104
0.912690
0.915239
0.917753
0.920230
0.922671
0.925075
0.927443
0.929775
0.932069
0.934327
0.936548
0.938732
0.940879
0.942989
0.945061
0.947096
0.949094
0.951055
0.952977
0.954863
0.956710
0.958520
0.960292
0.962026
0.963722
0.965380
0.967000
0.968581
0.970125
0.971630
0.973097
0.974525
0.975915
0.977266
0.978579
0.979853
0.981089
0.982285
0.983443
0.984562
0.985643
0.986684
0.987686
0.988650
0.989574
0.990459
0.991306
0.992113
0.992881
0.993609
0.994299
0.994949
0.995560
0.996132
0.996664
0.997157
0.997611
0.998025
0.998400
0.998735
0.999031
0.999288
0.999505
0.999682
0.999820
0.999919
0.999978
0.999998
0.999978
0.999919
0.999820
0.999682
0.999505
0.999288
0.999031
0.998735
0.998400
0.998025
0.997611
0.997157
0.996664
0.996132
0.995560
0.994949
0.994299
0.993609
0.992881
0.992113
0.991306
0.990459
0.989574
0.988650
0.987686
0.986684
0.985643
0.984562
0.983443
0.982285
0.981089
0.979853
0.978579
0.977266
0.975915
0.974525
0.973097
0.971630
0.970125
0.968581
0.967000
0.965380
0.963722
0.962026
0.960292
0.958520
0.956710
0.954863
0.952977
0.951055
0.949094
0.947096
0.945061
0.942989
0.940879
0.938732
0.936548
0.934327
0.932069
0.929775
0.927443
0.925075
0.922671
0.920230
0.917753
0.915239
0.912690
0.910104
0.907483
0.904825
0.902132
0.899403
0.896639
0.893840
0.891005
0.888135
0.885230
0.882289
0.879315
0.876305
0.873261
0.870182
0.867069
0.863922
0.860740
0.857525
0.854276
0.850993
0.847676
0.844326
0.840943
0.837526
0.834077
0.830594
0.827079
0.823531
0.819951
0.816338
0.812693
0.809015
0.805306
0.801565
0.797793
0.793989
0.790153
0.786287
0.782389
0.778461
0.774502
0.770512
0.766492
0.762441
0.758360
0.754250
0.750110
0.745940
0.741740
0.737512
0.733254
0.728967
0.724652
0.720308
0.715935
0.711534
0.707105
0.702649
0.698164
0.693652
0.689112
0.684546
0.679952
0.675331
0.670684
0.666011
0.661311
0.656584
0.651832
0.647055
0.642251
0.637423
0.632569
0.627690
0.622787
0.617858
0.612906
0.607929
0.602928
0.597904
0.592856
0.587784
0.582689
0.577572
0.572431
0.567268
0.562082
0.556875
0.551645
0.546393
0.541120
0.535826
0.530510
0.525174
0.519816
0.514439
0.509040
0.503622
0.498184
0.492726
0.487249
0.481753
0.476237
0.470703
0.465150
0.459579
0.453990
0.448382
0.442757
0.437115
0.431455
0.425778
0.420085
0.414375
0.408648
0.402906
0.397147
0.391373
0.385583
0.379778
0.373958
0.368124
0.362275
0.356411
0.350534
0.344642
0.338737
0.332819
0.326887
0.320943
0.314986
0.309016
0.303035
0.297041
0.291036
0.285019
0.278991
0.272951
0.266901
0.260841
0.254770
0.248689
0.242599
0.236499
0.230389
0.224270
0.218143
0.212007
0.205862
0.199710
0.193549
0.187381
0.181205
0.175023
0.168833
0.162637
0.156434
0.150225
0.144011
0.137790
0.131564
0.125333
0.119097
0.112856
0.106611
0.100362
0.094108
0.087851
0.081590
0.075327
0.069060
0.062790
0.056518
0.050244
0.043968
0.037690
0.031411
0.025130
0.018848
0.012566
0.006283
