0.000000
-0.006283
-0.012566
-0.018848
-0.025130
-0.031411
-0.037690
-0.043968
-0.050244
-0.056518
-0.062790
-0.069060
-0.075327
-0.081590
-0.087851
-0.094108
-0.100361
-0.106611
-0.112856
-0.119097
-0.125333
-0.131564
-0.137790
-0.144010
-0.150225
-0.156434
-0.162637
-0.168833
-0.175022
-0.181205
-0.187381
-0.193549
-0.199709
-0.205862
-0.212006
-0.218142
-0.224270
-0.230389
-0.236498
-0.242598
-0.248689
-0.254770
-0.260841
-0.266901
-0.272951
-0.278990
-0.285018
-0.291035
-0.297041
-0.303034
-0.309016
-0.314985
-0.320943
-0.326887
-0.332818
-0.338737
-0.344642
-0.350533
-0.356411
-0.362274
-0.368123
-0.373958
-0.379778
-0.385583
-0.391372
-0.397147
-0.402905
-0.408648
-0.414374
-0.420084
-0.425778
-0.431455
-0.437114
-0.442757
-0.448382
-0.453989
-0.459578
-0.465149
-0.470702
-0.476237
-0.481752
-0.487248
-0.492726
-0.498183
-0.503621
-0.509040
-0.514438
-0.519816
-0.525173
-0.530509
-0.535825
-0.541119
-0.546392
-0.551644
-0.556874
-0.562081
-0.567267
-0.572430
-0.577571
-0.582688
-0.587783
-0.592855
-0.597903
-0.602927
-0.607928
-0.612905
-0.617858
-0.622786
-0.627689
-0.632568
-0.637422
-0.642250
-0.647054
-0.651832
-0.656584
-0.661310
-0.666010
-0.670683
-0.675331
-0.679951
-0.684545
-0.689111
-0.693651
-0.698163
-0.702648
-0.707104
-0.711533
-0.715934
-0.720307
-0.724651
-0.728966
-0.733253
-0.737511
-0.741739
-0.745939
-0.750109
-0.754249
-0.758359
-0.762440
-0.766490
-0.770511
-0.774500
-0.778460
-0.782388
-0.786286
-0.790152
-0.793988
-0.797792
-0.801564
-0.805305
-0.809014
-0.812691
-0.816336
-0.819949
-0.823530
-0.827078
-0.830593
-0.834076
-0.837525
-0.840942
-0.844325
-0.847675
-0.850992
-0.854275
-0.857524
-0.860739
-0.863920
-0.867068
-0.870181
-0.873259
-0.876304
-0.879313
-0.882288
-0.885228
-0.888133
-0.891003
-0.893838
-0.896638
-0.899402
-0.902131
-0.904824
-0.907481
-0.910103
-0.912688
-0.915238
-0.917752
-0.920229
-0.922670
-0.925074
-0.927442
-0.929773
-0.932068
-0.934326
-0.936547
-0.938731
-0.940878
-0.942987
-0.945060
-0.947095
-0.949093
-0.951053
-0.952976
-0.954861
-0.956709
-0.958519
-0.960290
-0.962024
-0.963720
-0.965378
-0.966998
-0.968580
-0.970123
-0.971628
-0.973095
-0.974524
-0.975913
-0.977265
-0.978578
-0.979852
-0.981087
-0.982284
-0.983442
-0.984561
-0.985641
-0.986683
-0.987685
-0.988648
-0.989573
-0.990458
-0.991304
-0.992111
-0.992879
-0.993608
-0.994297
-0.994948
-0.995559
-0.996130
-0.996663
-0.997156
-0.997609
-0.998023
-0.998398
-0.998734
-0.999030
-0.999286
-0.999503
-0.999681
-0.999819
-0.999918
-0.999977
-0.999997
-0.999977
-0.999918
-0.999819
-0.999681
-0.999503
-0.999286
-0.999030
-0.998734
-0.998398
-0.998023
-0.997609
-0.997156
-0.996663
-0.996130
-0.995559
-0.994948
-0.994297
-0.993608
-0.992879
-0.992111
-0.991304
-0.990458
-0.989573
-0.988648
-0.987685
-0.986683
-0.985641
-0.984561
-0.983442
-0.982284
-0.981087
-0.979852
-0.978578
-0.977265
-0.975913
-0.974524
-0.973095
-0.971628
-0.970123
-0.968580
-0.966998
-0.965378
-0.963720
-0.962024
-0.960290
-0.958519
-0.956709
-0.954861
-0.952976
-0.951053
-0.949093
-0.947095
-0.945060
-0.942987
-0.940878
-0.938731
-0.936547
-0.934326
-0.932068
-0.929773
-0.927442
-0.925074
-0.922670
-0.920229
-0.917752
-0.915238
-0.912688
-0.910103
-0.907481
-0.904824
-0.902131
-0.899402
-0.896638
-0.893838
-0.891003
-0.888133
-0.885228
-0.882288
-0.879313
-0.876304
-0.873259
-0.870181
-0.867068
-0.863920
-0.860739
-0.857524
-0.854275
-0.850992
-0.847675
-0.844325
-0.840942
-0.837525
-0.834076
-0.830593
-0.827078
-0.823530
-0.819949
-0.816336
-0.812691
-0.809014
-0.805305
-0.801564
-0.797792
-0.793988
-0.790152
-0.786286
-0.782388
-0.778460
-0.774500
-0.770511
-0.766490
-0.762440
-0.758359
-0.754249
-0.750109
-0.745939
-0.741739
-0.737511
-0.733253
-0.728966
-0.724651
-0.720307
-0.715934
-0.711533
-0.707104
-0.702648
-0.698163
-0.693651
-0.689111
-0.684545
-0.679951
-0.675331
-0.670683
-0.666010
-0.661310
-0.656584
-0.651832
-0.647054
-0.642250
-0.637422
-0.632568
-0.627689
-0.622786
-0.617858
-0.612905
-0.607928
-0.602927
-0.597903
-0.592855
-0.587783
-0.582688
-0.577571
-0.572430
-0.567267
-0.562081
-0.556874
-0.551644
-0.546392
-0.541119
-0.535825
-0.530509
-0.525173
-0.519816
-0.514438
-0.509040
-0.503621
-0.498183
-0.492726
-0.487248
-0.481752
-0.476237
-0.470702
-0.465149
-0.459578
-0.453989
-0.448382
-0.442757
-0.437114
-0.431455
-0.425778
-0.420084
-0.414374
-0.408648
-0.402905
-0.397147
-0.391372
-0.385583
-0.379778
-0.373958
-0.368123
-0.362274
-0.356411
-0.350533
-0.344642
-0.338737
-0.332818
-0.326887
-0.320943
-0.314985
-0.309016
-0.303034
-0.297041
-0.291035
-0.285018
-0.278990
-0.272951
-0.266901
-0.260841
-0.254770
-0.248689
-0.242598
-0.236498
-0.230389
-0.224270
-0.218142
-0.212006
-0.205862
-0.199709
-0.193549
-0.187381
-0.181205
-0.175022
-0.168833
-0.162637
-0.156434
-0.150225
-0.144010
-0.137790
-0.131564
-0.125333
-0.119097
-0.112856
-0.106611
-0.100361
-0.094108
-0.087851
-0.081590
-0.075327
-0.069060
-0.062790
-0.056518
-0.050244
-0.043968
-0.037690
-0.031411
-0.025130
-0.018848
-0.012566
-0.006283
