-0.000000
0.006283
0.012566
0.018848
0.025130
0.031411
0.037690
0.043968
0.050244
0.056518
0.062790
0.069060
0.075326
0.081590
0.087851
0.094108
0.100361
0.106610
0.112856
0.119096
0.125332
0.131563
0.137789
0.144010
0.150224
0.156433
0.162636
0.168832
0.175022
0.181204
0.187380
0.193548
0.199708
0.205861
0.212006
0.218142
0.224269
0.230388
0.236497
0.242597
0.248688
0.254769
0.260840
0.266900
0.272950
0.278989
0.285017
0.291034
0.297039
0.303033
0.309015
0.314984
0.320941
0.326886
0.332817
0.338735
0.344640
0.350532
0.356409
0.362273
0.368122
0.373956
0.379776
0.385581
0.391371
0.397145
0.402903
0.408646
0.414372
0.420083
0.425776
0.431453
0.437113
0.442755
0.448380
0.453987
0.459576
0.465148
0.470700
0.476235
0.481750
0.487246
0.492724
0.498181
0.503619
0.509038
0.514436
0.519813
0.525171
0.530507
0.535823
0.541117
0.546390
0.551642
0.556871
0.562079
0.567265
0.572428
0.577568
0.582686
0.587781
0.592852
0.597901
0.602925
0.607926
0.612902
0.617855
0.622783
0.627687
0.632565
0.637419
0.642248
0.647051
0.651829
0.656581
0.661307
0.666007
0.670681
0.675328
0.679948
0.684542
0.689109
0.693648
0.698160
0.702645
0.707102
0.711530
0.715931
0.720304
0.724648
0.728963
0.733250
0.737508
0.741736
0.745936
0.750105
0.754246
0.758356
0.762437
0.766487
0.770507
0.774497
0.778456
0.782385
0.786283
0.790149
0.793984
0.797788
0.801561
0.805302
0.809011
0.812688
0.816333
0.819946
0.823526
0.827074
0.830590
0.834072
0.837522
0.840938
0.844322
0.847672
0.850988
0.854271
0.857520
0.860736
0.863917
0.867064
0.870177
0.873256
0.876300
0.879310
0.882285
0.885225
0.888130
0.891000
0.893835
0.896634
0.899399
0.902127
0.904820
0.907478
0.910099
0.912685
0.915234
0.917748
0.920225
0.922666
0.925070
0.927438
0.929770
0.932064
0.934322
0.936543
0.938727
0.940874
0.942983
0.945056
0.947091
0.949089
0.951049
0.952972
0.954857
0.956705
0.958515
0.960287
0.962020
0.963716
0.965374
0.966994
0.968576
0.970119
0.971624
0.973091
0.974520
0.975909
0.977261
0.978574
0.979848
0.981083
0.982280
0.983438
0.984557
0.985637
0.986679
0.987681
0.988644
0.989569
0.990454
0.991300
0.992107
0.992875
0.993604
0.994293
0.994944
0.995555
0.996126
0.996658
0.997151
0.997605
0.998019
0.998394
0.998730
0.999025
0.999282
0.999499
0.999677
0.999815
0.999914
0.999973
0.999993
0.999973
0.999914
0.999815
0.999677
0.999499
0.999282
0.999025
0.998730
0.998394
0.998019
0.997605
0.997151
0.996658
0.996126
0.995555
0.994944
0.994293
0.993604
0.992875
0.992107
0.991300
0.990454
0.989569
0.988644
0.987681
0.986679
0.985637
0.984557
0.983438
0.982280
0.981083
0.979848
0.978574
0.977261
0.975909
0.974520
0.973091
0.971624
0.970119
0.968576
0.966994
0.965374
0.963716
0.962020
0.960287
0.958515
0.956705
0.954857
0.952972
0.951049
0.949089
0.947091
0.945056
0.942983
0.940874
0.938727
0.936543
0.934322
0.932064
0.929770
0.927438
0.925070
0.922666
0.920225
0.917748
0.915234
0.912685
0.910099
0.907478
0.904820
0.902127
0.899399
0.896634
0.893835
0.891000
0.888130
0.885225
0.882285
0.879310
0.876300
0.873256
0.870177
0.867064
0.863917
0.860736
0.857520
0.854271
0.850988
0.847672
0.844322
0.840938
0.837522
0.834072
0.830590
0.827074
0.823526
0.819946
0.816333
0.812688
0.809011
0.805302
0.801561
0.797788
0.793984
0.790149
0.786283
0.782385
0.778456
0.774497
0.770507
0.766487
0.762437
0.758356
0.754246
0.750105
0.745936
0.741736
0.737508
0.733250
0.728963
0.724648
0.720304
0.715931
0.711530
0.707102
0.702645
0.698160
0.693648
0.689109
0.684542
0.679948
0.675328
0.670681
0.666007
0.661307
0.656581
0.651829
0.647051
0.642248
0.637419
0.632565
0.627687
0.622783
0.617855
0.612902
0.607926
0.602925
0.597901
0.592852
0.587781
0.582686
0.577568
0.572428
0.567265
0.562079
0.556871
0.551642
0.546390
0.541117
0.535823
0.530507
0.525171
0.519813
0.514436
0.509038
0.503619
0.498181
0.492724
0.487246
0.481750
0.476235
0.470700
0.465148
0.459576
0.453987
0.448380
0.442755
0.437113
0.431453
0.425776
0.420083
0.414372
0.408646
0.402903
0.397145
0.391371
0.385581
0.379776
0.373956
0.368122
0.362273
0.356409
0.350532
0.344640
0.338735
0.332817
0.326886
0.320941
0.314984
0.309015
0.303033
0.297039
0.291034
0.285017
0.278989
0.272950
0.266900
0.260840
0.254769
0.248688
0.242597
0.236497
0.230388
0.224269
0.218142
0.212006
0.205861
0.199708
0.193548
0.187380
0.181204
0.175022
0.168832
0.162636
0.156433
0.150224
0.144010
0.137789
0.131563
0.125332
0.119096
0.112856
0.106610
0.100361
0.094108
0.087851
0.081590
0.075326
0.069060
0.062790
0.056518
0.050244
0.043968
0.037690
0.031411
0.025130
0.018848
0.012566
0.006283
