4995.000000
5995.000000
6995.000000
7995.000000
8995.000000
9995.000000
10995.000000
11995.000000
12995.000000
13995.000000
14995.000000
15995.000000
16995.000000
17995.000000
18995.000000
19995.000000
20995.000000
21995.000000
22995.000000
23995.000000
24995.000000
25995.000000
26995.000000
27995.000000
28995.000000
29995.000000
30995.000000
31995.000000
32995.000000
33995.000000
34995.000000
35995.000000
36995.000000
37995.000000
38995.000000
39995.000000
40995.000000
41995.000000
42995.000000
43995.000000
44995.000000
45995.000000
46995.000000
47995.000000
48995.000000
49995.000000
50995.000000
51995.000000
52995.000000
53995.000000
54995.000000
55995.000000
56995.000000
57995.000000
58995.000000
59995.000000
60995.000000
61995.000000
62995.000000
63995.000000
64995.000000
65995.000000
66995.000000
67995.000000
68995.000000
69995.000000
70995.000000
71995.000000
72995.000000
73995.000000
74995.000000
75995.000000
76995.000000
77995.000000
78995.000000
79995.000000
80995.000000
81995.000000
82995.000000
83995.000000
84995.000000
85995.000000
86995.000000
87995.000000
88995.000000
89995.000000
90995.000000
91995.000000
92995.000000
93995.000000
94995.000000
95995.000000
96995.000000
97995.000000
98995.000000
99995.000000
100995.000000
101995.000000
102995.000000
103995.000000
104995.000000
105995.000000
106995.000000
107995.000000
108995.000000
109995.000000
110995.000000
111995.000000
112995.000000
113995.000000
114995.000000
115995.000000
116995.000000
117995.000000
118995.000000
119995.000000
120995.000000
121995.000000
122995.000000
123995.000000
124995.000000
125995.000000
126995.000000
127995.000000
128995.000000
129995.000000
130995.000000
131995.000000
132995.000000
133995.000000
134995.000000
135995.000000
136995.000000
137995.000000
138995.000000
139995.000000
140995.000000
141995.000000
142995.000000
143995.000000
144995.000000
145995.000000
146995.000000
147995.000000
148995.000000
149995.000000
150995.000000
151995.000000
152995.000000
153995.000000
154995.000000
155995.000000
156995.000000
157995.000000
158995.000000
159995.000000
160995.000000
161995.000000
162995.000000
163995.000000
164995.000000
165995.000000
166995.000000
167995.000000
168995.000000
169995.000000
170995.000000
171995.000000
172995.000000
173995.000000
174995.000000
175995.000000
176995.000000
177995.000000
178995.000000
179995.000000
180995.000000
181995.000000
182995.000000
183995.000000
184995.000000
185995.000000
186995.000000
187995.000000
188995.000000
189995.000000
190995.000000
191995.000000
192995.000000
193995.000000
194995.000000
195995.000000
196995.000000
197995.000000
198995.000000
199995.000000
200995.000000
201995.000000
202995.000000
203995.000000
204995.000000
205995.000000
206995.000000
207995.000000
208995.000000
209995.000000
210995.000000
211995.000000
212995.000000
213995.000000
214995.000000
215995.000000
216995.000000
217995.000000
218995.000000
219995.000000
220995.000000
221995.000000
222995.000000
223995.000000
224995.000000
225995.000000
226995.000000
227995.000000
228995.000000
229995.000000
230995.000000
231995.000000
232995.000000
233995.000000
234995.000000
235995.000000
236995.000000
237995.000000
238995.000000
239995.000000
240995.000000
241995.000000
242995.000000
243995.000000
244995.000000
245995.000000
246995.000000
247995.000000
248995.000000
249995.000000
250995.000000
251995.000000
252995.000000
253995.000000
254995.000000
255995.000000
256995.000000
257995.000000
258995.000000
259995.000000
260995.000000
261995.000000
262995.000000
263995.000000
264995.000000
265995.000000
266995.000000
267995.000000
268995.000000
269995.000000
270995.000000
271995.000000
272995.000000
273995.000000
274995.000000
275995.000000
276995.000000
277995.000000
278995.000000
279995.000000
280995.000000
281995.000000
282995.000000
283995.000000
284995.000000
285995.000000
286995.000000
287995.000000
288995.000000
289995.000000
290995.000000
291995.000000
292995.000000
293995.000000
294995.000000
295995.000000
296995.000000
297995.000000
298995.000000
299995.000000
300995.000000
301995.000000
302995.000000
303995.000000
304995.000000
305995.000000
306995.000000
307995.000000
308995.000000
309995.000000
310995.000000
311995.000000
312995.000000
313995.000000
314995.000000
315995.000000
316995.000000
317995.000000
318995.000000
319995.000000
320995.000000
321995.000000
322995.000000
323995.000000
324995.000000
325995.000000
326995.000000
327995.000000
328995.000000
329995.000000
330995.000000
331995.000000
332995.000000
333995.000000
334995.000000
335995.000000
336995.000000
337995.000000
338995.000000
339995.000000
340995.000000
341995.000000
342995.000000
343995.000000
344995.000000
345995.000000
346995.000000
347995.000000
348995.000000
349995.000000
350995.000000
351995.000000
352995.000000
353995.000000
354995.000000
355995.000000
356995.000000
357995.000000
358995.000000
359995.000000
360995.000000
361995.000000
362995.000000
363995.000000
364995.000000
365995.000000
366995.000000
367995.000000
368995.000000
369995.000000
370995.000000
371995.000000
372995.000000
373995.000000
374995.000000
375995.000000
376995.000000
377995.000000
378995.000000
379995.000000
380995.000000
381995.000000
382995.000000
383995.000000
384995.000000
385995.000000
386995.000000
387995.000000
388995.000000
389995.000000
390995.000000
391995.000000
392995.000000
393995.000000
394995.000000
395995.000000
396995.000000
397995.000000
398995.000000
399995.000000
400995.000000
401995.000000
402995.000000
403995.000000
404995.000000
405995.000000
406995.000000
407995.000000
408995.000000
409995.000000
410995.000000
411995.000000
412995.000000
413995.000000
414995.000000
415995.000000
416995.000000
417995.000000
418995.000000
419995.000000
420995.000000
421995.000000
422995.000000
423995.000000
424995.000000
425995.000000
426995.000000
427995.000000
428995.000000
429995.000000
430995.000000
431995.000000
432995.000000
433995.000000
434995.000000
435995.000000
436995.000000
437995.000000
438995.000000
439995.000000
440995.000000
441995.000000
442995.000000
443995.000000
444995.000000
445995.000000
446995.000000
447995.000000
448995.000000
449995.000000
450995.000000
451995.000000
452995.000000
453995.000000
454995.000000
455995.000000
456995.000000
457995.000000
458995.000000
459995.000000
460995.000000
461995.000000
462995.000000
463995.000000
464995.000000
465995.000000
466995.000000
467995.000000
468995.000000
469995.000000
470995.000000
471995.000000
472995.000000
473995.000000
474995.000000
475995.000000
476995.000000
477995.000000
478995.000000
479995.000000
480995.000000
481995.000000
482995.000000
483995.000000
484995.000000
485995.000000
486995.000000
487995.000000
488995.000000
489995.000000
490995.000000
491995.000000
492995.000000
493995.000000
494995.000000
495995.000000
496995.000000
497995.000000
498995.000000
499995.000000
500995.000000
501995.000000
502995.000000
503995.000000
504995.000000
505995.000000
506995.000000
507995.000000
508995.000000
509995.000000
510995.000000
511995.000000
512995.000000
513995.000000
514995.000000
515995.000000
516995.000000
517995.000000
518995.000000
519995.000000
520995.000000
521995.000000
522995.000000
523995.000000
524995.000000
525995.000000
526995.000000
527995.000000
528995.000000
529995.000000
530995.000000
531995.000000
532995.000000
533995.000000
534995.000000
535995.000000
536995.000000
537995.000000
538995.000000
539995.000000
540995.000000
541995.000000
542995.000000
543995.000000
544995.000000
545995.000000
546995.000000
547995.000000
548995.000000
549995.000000
550995.000000
551995.000000
552995.000000
553995.000000
554995.000000
555995.000000
556995.000000
557995.000000
558995.000000
559995.000000
560995.000000
561995.000000
562995.000000
563995.000000
564995.000000
565995.000000
566995.000000
567995.000000
568995.000000
569995.000000
570995.000000
571995.000000
572995.000000
573995.000000
574995.000000
575995.000000
576995.000000
577995.000000
578995.000000
579995.000000
580995.000000
581995.000000
582995.000000
583995.000000
584995.000000
585995.000000
586995.000000
587995.000000
588995.000000
589995.000000
590995.000000
591995.000000
592995.000000
593995.000000
594995.000000
595995.000000
596995.000000
597995.000000
598995.000000
599995.000000
600995.000000
601995.000000
602995.000000
603995.000000
604995.000000
605995.000000
606995.000000
607995.000000
608995.000000
609995.000000
610995.000000
611995.000000
612995.000000
613995.000000
614995.000000
615995.000000
616995.000000
617995.000000
618995.000000
619995.000000
620995.000000
621995.000000
622995.000000
623995.000000
624995.000000
625995.000000
626995.000000
627995.000000
628995.000000
629995.000000
630995.000000
631995.000000
632995.000000
633995.000000
634995.000000
635995.000000
636995.000000
637995.000000
638995.000000
639995.000000
640995.000000
641995.000000
642995.000000
643995.000000
644995.000000
645995.000000
646995.000000
647995.000000
648995.000000
649995.000000
650995.000000
651995.000000
652995.000000
653995.000000
654995.000000
655995.000000
656995.000000
657995.000000
658995.000000
659995.000000
660995.000000
661995.000000
662995.000000
663995.000000
664995.000000
665995.000000
666995.000000
667995.000000
668995.000000
669995.000000
670995.000000
671995.000000
672995.000000
673995.000000
674995.000000
675995.000000
676995.000000
677995.000000
678995.000000
679995.000000
680995.000000
681995.000000
682995.000000
683995.000000
684995.000000
685995.000000
686995.000000
687995.000000
688995.000000
689995.000000
690995.000000
691995.000000
692995.000000
693995.000000
694995.000000
695995.000000
696995.000000
697995.000000
698995.000000
699995.000000
700995.000000
701995.000000
702995.000000
703995.000000
704995.000000
705995.000000
706995.000000
707995.000000
708995.000000
709995.000000
710995.000000
711995.000000
712995.000000
713995.000000
714995.000000
715995.000000
716995.000000
717995.000000
718995.000000
719995.000000
720995.000000
721995.000000
722995.000000
723995.000000
724995.000000
725995.000000
726995.000000
727995.000000
728995.000000
729995.000000
730995.000000
731995.000000
732995.000000
733995.000000
734995.000000
735995.000000
736995.000000
737995.000000
738995.000000
739995.000000
740995.000000
741995.000000
742995.000000
743995.000000
744995.000000
745995.000000
746995.000000
747995.000000
748995.000000
749995.000000
750995.000000
751995.000000
752995.000000
753995.000000
754995.000000
755995.000000
756995.000000
757995.000000
758995.000000
759995.000000
760995.000000
761995.000000
762995.000000
763995.000000
764995.000000
765995.000000
766995.000000
767995.000000
768995.000000
769995.000000
770995.000000
771995.000000
772995.000000
773995.000000
774995.000000
775995.000000
776995.000000
777995.000000
778995.000000
779995.000000
780995.000000
781995.000000
782995.000000
783995.000000
784995.000000
785995.000000
786995.000000
787995.000000
788995.000000
789995.000000
790995.000000
791995.000000
792995.000000
793995.000000
794995.000000
795995.000000
796995.000000
797995.000000
798995.000000
799995.000000
800995.000000
801995.000000
802995.000000
803995.000000
804995.000000
805995.000000
806995.000000
807995.000000
808995.000000
809995.000000
810995.000000
811995.000000
812995.000000
813995.000000
814995.000000
815995.000000
816995.000000
817995.000000
818995.000000
819995.000000
820995.000000
821995.000000
822995.000000
823995.000000
824995.000000
825995.000000
826995.000000
827995.000000
828995.000000
829995.000000
830995.000000
831995.000000
832995.000000
833995.000000
834995.000000
835995.000000
836995.000000
837995.000000
838995.000000
839995.000000
840995.000000
841995.000000
842995.000000
843995.000000
844995.000000
845995.000000
846995.000000
847995.000000
848995.000000
849995.000000
850995.000000
851995.000000
852995.000000
853995.000000
854995.000000
855995.000000
856995.000000
857995.000000
858995.000000
859995.000000
860995.000000
861995.000000
862995.000000
863995.000000
864995.000000
865995.000000
866995.000000
867995.000000
868995.000000
869995.000000
870995.000000
871995.000000
872995.000000
873995.000000
874995.000000
875995.000000
876995.000000
877995.000000
878995.000000
879995.000000
880995.000000
881995.000000
882995.000000
883995.000000
884995.000000
885995.000000
886995.000000
887995.000000
888995.000000
889995.000000
890995.000000
891995.000000
892995.000000
893995.000000
894995.000000
895995.000000
896995.000000
897995.000000
898995.000000
899995.000000
900995.000000
901995.000000
902995.000000
903995.000000
904995.000000
905995.000000
906995.000000
907995.000000
908995.000000
909995.000000
910995.000000
911995.000000
912995.000000
913995.000000
914995.000000
915995.000000
916995.000000
917995.000000
918995.000000
919995.000000
920995.000000
921995.000000
922995.000000
923995.000000
924995.000000
925995.000000
926995.000000
927995.000000
928995.000000
929995.000000
930995.000000
931995.000000
932995.000000
933995.000000
934995.000000
935995.000000
936995.000000
937995.000000
938995.000000
939995.000000
940995.000000
941995.000000
942995.000000
943995.000000
944995.000000
945995.000000
946995.000000
947995.000000
948995.000000
949995.000000
950995.000000
951995.000000
952995.000000
953995.000000
954995.000000
955995.000000
956995.000000
957995.000000
958995.000000
959995.000000
960995.000000
961995.000000
962995.000000
963995.000000
964995.000000
965995.000000
966995.000000
967995.000000
968995.000000
969995.000000
970995.000000
971995.000000
972995.000000
973995.000000
974995.000000
975995.000000
976995.000000
977995.000000
978995.000000
979995.000000
980995.000000
981995.000000
982995.000000
983995.000000
984995.000000
985995.000000
986995.000000
987995.000000
988995.000000
989995.000000
990995.000000
991995.000000
992995.000000
993995.000000
994995.000000
995995.000000
996995.000000
997995.000000
998995.000000
999995.000000
1000995.000000
1001995.000000
1002995.000000
1003995.000000
